wavemap_3_42_1 20.512911138601943 0.0 90.0 20.445867333876322 1496241 4096817.0 411 2 4
72 236 340 392 409 411
wavemap_5_2061_1 -66.61063507012693 46.09772393152499 225.0 20.36872942030113 738090 2456435.0 610 3 4
1 100 342 510 587 607 610
wavemap_6_2182_1 -93.61748489796918 -21.372169909867115 286.2963151599803 20.33542652872466 462419 2205691.0 996 2 4
154 555 838 953 991 996
wavemap_7_30601_1 -51.50507625930487 -79.74578938214502 338.76203133230786 20.29576969634061 295312 1402209.0 619 3 4
2 95 350 521 595 615 619
wavemap_8_27645_1 19.872773987384832 -84.79065967054717 385.4684017365713 20.261680259804915 189564 1041303.0 765 3 4
2 114 395 645 734 761 765
wavemap_2_13_1 73.63878065574346 -38.00763835583678 428.0168026047548 20.43697812277583 857858 912685.0 55 2 3
9 31 45 52 55
wavemap_9_28722_1 83.1126212147471 32.42153238078122 467.37344277180426 20.210930115954536 93425 581439.0 511 2 4
93 248 430 494 509 511
wavemap_4_1243_1 46.893411863814485 93.3801223511765 504.17641321490566 20.301675213419724 254192 561204.0 267 2 4
31 148 224 256 266 267
wavemap_10_196384_1 -18.12788666890195 121.35485405330249 538.8740932758658 20.184964082703118 65914 455451.0 579 3 4
1 84 322 486 559 576 579
wavemap_11_164183_1 -87.57229807038544 108.171667113065 571.7962166706644 20.105142306304465 26909 151196.0 188 3 4
2 24 98 157 181 187 188
wavemap_13_30471_1 -139.12410667615862 59.93075325955089 603.1938707090582 20.0797184594395 17562 142324.0 284 3 4
15 39 134 248 275 283 284
wavemap_12_508033_1 -158.56350762873097 -7.871981779145919 633.2636109057802 20.059677204778943 13775 103101.0 236 4 4
1 1 41 119 204 229 235 236
wavemap_15_275340_1 -141.9472903846316 -76.3612423389476 662.1627988280201 19.983912360067468 5790 47174.0 132 3 4
2 22 68 117 128 131 132
wavemap_17_389660_1 -94.6858722171994 -128.5738569431119 690.0197863160001 19.939103778450633 3226 38840.0 121 4 3
1 9 17 52 111 119 121
wavemap_14_1037462_1 -28.691399704261997 -153.03545830153448 716.9409211341243 19.96792344787158 4564 38123.0 127 4 4
1 1 24 58 112 124 126 127
wavemap_22_919138_1 41.23125602233313 -145.35072657424755 743.0155109812833 19.799763529517563 957 12985.0 56 3 2
3 11 25 49 56
wavemap_19_239987_1 100.81588754452758 -108.02623018112172 768.3194305810374 19.805923559838234 1225 10876.0 43 2 2
8 22 34 43
wavemap_16_3316405_1 138.98057240511463 -49.01236759566478 792.9178002646232 19.813583287094037 1125 9263.0 43 3 3
1 6 17 38 42 43
wavemap_28_109669_1 149.40087933265627 20.462577510418672 816.8670129962097 19.794692649413182 433 7315.0 15 2 3
3 7 13 14 15
wavemap_43_1965538_1 130.98772445053473 88.23316386408364 840.2162940172763 19.752249314729706 251 6503.0 16 2 2
5 9 13 16
wavemap_18_2481954_1 87.43119073247968 143.29306374791955 863.0089186655882 19.74555255065832 711 5331.0 28 4 3
1 1 2 15 25 27 28
wavemap_18_2730071_1 26.075489097416103 177.372210554936 885.2831758560422 19.728359647991173 458 5037.0 40 2 3
4 20 35 38 40
wavemap_16_2890153_1 -43.57500147055774 185.86388876293023 907.0731393841897 19.702617029238887 492 4487.0 37 3 2
1 6 15 34 37
wavemap_22_3106682_1 -111.43603245667859 168.09363185146822 928.4092919963373 19.719890038134285 517 4373.0 10 3 2
1 1 3 9 10
wavemap_25_3804978_1 -168.27880055796174 127.01332859372756 949.3190352372641 19.741089350181813 222 4180.0 8 2 2
1 4 7 8
wavemap_64_4096341_1 -206.8575144613128 68.46137663606561 969.8271096702055 19.643581205905953 204 4043.0 8 2 3
1 4 7 7 8
wavemap_26_575228_2 -222.63881459410206 0.15541902099265287 989.9559440326464 20.130043337917662 173 4001.0 5 2 2
1 2 4 5
wavemap_28_2174201_2 -214.10900595076558 -69.41636713326312 1009.7259475066737 20.086628992785435 323 3659.0 19 2 2
3 9 15 19
wavemap_22_2545670_2 -182.68921262936632 -132.05936092980886 1029.1557560522424 20.103407487248884 379 3618.0 13 3 2
1 2 6 11 13
wavemap_17_1851996_1 -132.3274516772771 -180.77799839847975 1048.2624413426627 19.686546865132684 431 3196.0 11 3 2
1 1 4 10 11
wavemap_53_524219_2 -68.85971793680403 -210.44651963375776 1067.0616890247657 20.073214285292075 213 3108.0 4 2 1
1 1 4
wavemap_20_2954021_2 0.7592464557395111 -218.20694671771798 1085.567951641698 20.091934456236753 253 2924.0 13 3 2
1 2 7 10 13
wavemap_33_3657741_3 69.25831271473206 -203.59076460720163 1103.794580490985 20.218603760874622 180 2741.0 14 2 3
2 9 12 13 14
wavemap_16_1362234_3 129.80079869970297 -168.3889740109616 1121.7539398634349 20.226829392101077 210 2429.0 24 4 3
1 1 2 12 22 23 24
wavemap_22_4163813_3 176.61751832468448 -116.31571374685778 1139.4575064609444 20.216092568554664 198 2201.0 13 3 1
1 1 5 13
wavemap_18_3472857_4 205.4770977785457 -52.52318271918295 1156.91595628032 20.286008091786883 164 1926.0 20 3 2
1 3 10 17 20
wavemap_31_2951740_5 213.9702751839252 16.969390188867028 1174.1392408440975 20.324550659093987 168 1704.0 5 2 2
1 3 4 5
wavemap_30_2273422_5 201.60491857337897 85.87143255421282 1191.1366543342917 20.327635984714117 139 1547.0 4 2 1
1 1 4
wavemap_12_3156442_5 169.72544427630382 148.18662086093076 1207.9168929231173 20.325901469907055 171 1416.0 29 4 3
1 1 2 15 24 28 29
wavemap_20_3528906_6 121.28333509684865 198.7037516168442 1224.488107382477 20.35373928470767 78 1307.0 12 3 2
1 2 5 10 12
wavemap_23_1950787_6 60.49419017702552 233.38046877859733 1240.8579498809593 20.356963711212636 116 1245.0 3 2 1
1 1 3
wavemap_21_4305018_7 -7.57875051064909 249.60035250729982 1257.0336157352444 20.37619174553267 96 1188.0 5 2 2
1 2 4 5
wavemap_18_2547074_7 -77.47399082166788 246.29637745694188 1273.0218807659344 20.376184898201675 103 1098.0 13 2 3
3 7 11 12 13
wavemap_13_2306823_8 -143.7760154760929 223.94493630163245 1288.8291348110338 20.388534209932153 114 1011.0 18 2 2
4 9 15 18
wavemap_25_4089775_9 -201.52138093797404 184.44387277596252 1304.461411869805 20.399152825661016 110 894.0 5 2 2
1 2 4 5
wavemap_21_1879249_10 -246.54043662161865 130.89491341979735 1319.9244172824212 20.41307511830816 89 823.0 3 2 1
1 1 3
wavemap_21_3917416_11 -275.7161807681225 67.31539617417263 1335.2235522943986 20.417725326311068 100 743.0 6 2 2
1 3 5 6
wavemap_11_2065646_11 -287.1497405221928 -1.6936697423785352 1350.3639363071964 20.418643255032684 143 710.0 9 2 2
2 3 8 9
wavemap_17_4105404_12 -280.2296159721654 -71.29619816904317 1365.3504270761491 20.42372413966539 56 674.0 12 3 2
1 1 4 10 12
wavemap_23_3530219_13 -255.60867462541196 -136.76111038356953 1380.1876390827272 20.430518166996173 90 639.0 3 2 1
1 1 3
wavemap_19_3257252_14 -215.09858915146418 -193.77203310064672 1394.8799602790177 20.43395519368708 75 578.0 10 3 2
1 1 4 8 10
wavemap_15_4069552_15 -161.49576997725916 -238.6890364623836 1409.431567377444 20.442189307377635 66 540.0 2 2 1
1 1 2
wavemap_16_3187658_16 -98.35576774283913 -268.7497369026062 1423.8464398373967 20.443046449626827 85 509.0 7 2 2
1 4 5 7
wavemap_17_3232014_18 -29.734624965876314 -282.202193387534 1438.128372682108 20.449399151268324 80 467.0 6 2 2
1 3 5 6
wavemap_15_3718944_6 40.08415727118332 -278.3669915397818 1452.2809882632484 20.324793632187994 70 430.0 3 2 1
1 1 3
wavemap_17_3126637_20 106.859337603326 -257.630456278955 1466.3077470770304 20.456185409688246 68 422.0 3 2 1
1 1 3
wavemap_10_362450_21 166.64254630777742 -221.3748447536521 1480.2119577237106 20.457629450610273 65 391.0 14 2 2
4 9 10 14
wavemap_16_3815378_22 215.9966173375756 -171.85450109487996 1493.9967860920335 20.459340537785646 53 374.0 5 2 2
1 1 4 5
wavemap_17_3591374_24 252.17155306307896 -112.02922252121276 1507.6652638411367 20.46400403018039 55 348.0 3 2 1
1 1 3
wavemap_16_3425984_27 273.2313557278507 -45.36747230301346 1521.2202962445533 20.467157312752555 49 306.0 5 2 2
1 3 3 5
wavemap_16_4443603_31 278.1283026954353 24.367389370639806 1534.6646694540198 20.47334151256228 55 276.0 3 2 1
1 1 3
wavemap_14_4178927_35 266.7244218320298 93.33492673288363 1548.001057234737 20.476097574458645 50 246.0 5 2 2
1 3 3 5
wavemap_14_3652896_38 239.76278724768375 157.82748436146105 1561.2320272183674 20.478611936538897 49 222.0 5 2 2
1 1 4 5
wavemap_7_4562409_44 198.79368938449764 214.46151633793892 1574.3600467153508 20.48287948571629 35 196.0 14 2 3
1 8 12 13 14
wavemap_9_678294_52 146.06265982882846 260.34168877629577 1587.3874881239287 20.48684413426839 31 174.0 7 1 2
4 5 7
wavemap_11_4102001_62 84.36870899601877 293.1911807897677 1600.316633969587 20.4902160059379 38 146.0 4 2 2
1 2 3 4
wavemap_10_3939247_81 16.90195574905392 311.4438602956421 1613.1496816053414 20.49493112493374 37 118.0 2 2 1
0 1 2
wavemap_8_602027_108 -52.92988738057772 314.2962625683079 1625.8887476003629 20.49862221826722 24 87.0 2 2 1
1 1 2
wavemap_7_848082_133 -121.67691703216593 301.71944048217625 1638.5358718418595 20.500510307810522 21 67.0 2 1 2
1 1 2
wavemap_1_1728373_157 -186.01571004454826 274.432694079457 1651.093021372792 20.502296579348734 43 56.0 8 1 2
4 7 8
wavemap_8_4342010_10 -242.90363264037495 233.84285226318087 1663.562093985941 20.339129029869508 21 56.0 2 1 1
1 2
wavemap_1_72704_177 -289.7124174848053 181.95412115385776 1675.9449215929772 20.503180825005472 37 49.0 10 2 3
1 7 9 9 10
wavemap_1_1040167_192 -324.3360817429417 121.25450289429837 1688.2432733855273 20.50359919939117 29 44.0 9 1 3
6 7 8 9
wavemap_1_918034_207 -345.2698015562999 54.585415866638165 1700.4588588037263 20.50416747548281 33 41.0 7 1 3
4 6 6 7
wavemap_1_1154111_222 -351.65791992609707 -14.998579724204465 1712.5933303264026 20.504556364514375 28 38.0 10 2 3
1 8 9 9 10
wavemap_1_209823_235 -343.3107742613422 -84.37310535006564 1724.6482860958336 20.50483551833796 25 36.0 8 1 3
5 6 7 8
wavemap_1_332237_248 -320.6914254614676 -150.4838461207164 1736.6252723889056 20.505204756837685 30 34.0 6 2 2
1 4 5 6
wavemap_1_795009_262 -284.87460262546057 -210.47710808526207 1748.5257859455323 20.50551612190407 28 32.0 5 1 2
3 4 5
wavemap_1_1922656_277 -237.4812089461002 -261.8159777607448 1760.3512761642853 20.50573278807203 24 30.0 6 1 3
4 5 5 6
wavemap_1_125082_294 -180.59254017223935 -302.3779699692409 1772.103147174384 20.50605831971807 21 29.0 7 2 3
1 4 6 6 7
wavemap_1_669770_309 -116.64893437401554 -330.5311044758228 1783.782759792451 20.506279708665105 25 27.0 5 2 2
1 3 4 5
wavemap_1_61942_329 -48.33789898520166 -345.1864492380304 1795.3914333717757 20.506554069719872 21 26.0 7 1 3
4 6 6 7
wavemap_1_657284_349 21.523143440931776 -345.8262595994064 1806.9304475512224 20.506799854458343 20 24.0 5 1 2
3 4 5
wavemap_1_60992_377 90.10446879456524 -332.5078849450476 1818.40104391036 20.507202342406163 19 23.0 4 1 2
3 3 4
wavemap_1_186323_410 154.67731298904263 -305.84456996867135 1829.80442753689 20.5075042890589 18 21.0 4 1 2
3 3 4
wavemap_1_186108_463 212.71854319289577 -266.96511665219236 1841.1417685119948 20.507951807162947 17 19.0 4 1 2
3 3 4
wavemap_1_296118_632 262.0031031371001 -217.45507269471668 1852.4142033187948 20.509084477298163 17 16.0 2 1 1
1 2
wavemap_3_3191982_27 300.6812952649444 -159.28265736652605 1863.6228361787303 20.37889510916087 4 6.0 1 0 0
1
