0 0 9.221587121264806
1 0.036517337658418254 11.406205005418855
1 0.036517337658418254 7.400879436282184
2 0.07662619571913065 10.318542809702723
2 0.07662619571913065 5.672425341971495
3 0.10600803315218253 9.047123912114026
3 0.10600803315218253 4.247927513443585
4 0.16805148377377815 6.882643049361842
4 0.16805148377377815 4.087462841250339
5 0.21466472258078412 7.108524456778169
5 0.21466472258078412 3.0
6 0.2884036162188439 6.189824558880018
6 0.2884036162188439 3.0
7 0.3680719948344026 6.303780748177103
7 0.3680719948344026 2.807354922057604
8 0.4538707987574741 6.954196310386875
8 0.4538707987574741 3.807354922057604
9 0.5153539903859249 7.149747119504682
9 0.5153539903859249 3.700439718141092
10 0.5563142842650133 6.539158811108031
10 0.5563142842650133 3.0
11 0.6094643009335589 6.22881869049588
11 0.6094643009335589 2.584962500721156
12 0.6807222091114914 6.321928094887363
12 0.6807222091114914 3.169925001442312
13 0.7790662467962941 6.475733430966398
13 0.7790662467962941 3.9068905956085187
14 0.8949892717585788 6.459431618637297
