0 0 ground 0.7593943057479411 0.7725795215985365 0.781419451979322
0 1 inner 0.8950031625553446 1.0 0.07273877292852626 108
0 0 ceil 1.0 0.3783587509077707 0.0
0 1 outer 0.4206874960439668 0.878247159686611 0.8774347287439772
0 1 next 0.5879864030246098 0.7771701967655227 0.8175478646811896
1 1 ground 0.33397355180611676 0.9158065097129441 0.8671071507925046
1 2 inner 1.0 0.33478576615831535 0.0 21
1 1 ceil 1.0 0.20406681190994935 0.0
1 2 outer 0.730550284629981 1.0 0.23719165085388993
1 2 next 0.3450183073239499 0.9108371255205407 0.869207414157657
2 2 ground 1.0 0.20406681190994935 0.0
2 3 inner 0.8743315508021392 0.0 0.0 19
2 2 ceil 0.9099821746880573 0.0007262164124910431 0.0
2 3 outer 1.0 0.6978939724037765 0.0
2 3 next 0.5 0.0 0.0
3 3 ground 0.78 0.78 0.78
3 4 inner 0.535650623885918 0.0 0.0 6
3 3 ceil 0.5 0.0 0.0
3 4 outer 0.5 0.0 0.0
3 4 next 0.5 0.0 0.0
4 4 ground 0.78 0.78 0.78
4 5 inner 0.7139037433155082 0.0 0.0 6
4 4 ceil 0.606951871657754 0.0 0.0
4 5 outer 1.0 0.39288307915758913 0.0
4 5 next 0.8697027197975963 1.0 0.0980392156862745
5 5 ground 0.78 0.78 0.78
5 6 inner 0.535650623885918 0.0 0.0 4
5 5 ceil 0.5 0.0 0.0
5 6 outer 0.5 0.0 0.0
5 6 next 0.5 0.0 0.0
6 6 ground 0.78 0.78 0.78
6 7 inner 0.535650623885918 0.0 0.0 2
6 6 ceil 0.5 0.0 0.0
6 7 outer 0.5 0.0 0.0
6 7 next 0.8823529411764705 1.0 0.08538899430740043
7 7 ground 1.0 0.7850399419026872 0.0
7 8 inner 1.0 0.7850399419026872 0.0 455
7 7 ceil 0.78 0.78 0.78
7 8 outer 0.5430987710854502 0.795834752720836 0.8319871993767651
