0 0 ground 0.78 0.78 0.78
0 1 inner 0.6019824387038828 0.7727350519430731 0.8133813518329853 12
0 0 ceil 0.39511494816577875 0.8889626125729362 0.8758571801715189
0 1 outer 0.4279936966156146 0.872830965315642 0.8752456051257556
0 1 next 0.3529520446728327 0.907299135069896 0.8705747303093393
1 1 ground 0.78 0.78 0.78
1 2 inner 0.4496069463609691 0.8553168311986605 0.8665297823916869 7
1 1 ceil 0.21189120809614148 1.0 0.7558507273877295
1 2 outer 0.19896147420756127 0.9802696323943804 0.8230067629492184
1 2 next 0.2068390680869484 0.9763367696724471 0.8265102291161193
2 2 ground 0.78 0.78 0.78
2 3 inner 0.2691928636976967 0.9459243289116267 0.8501862178833529 5
2 2 ceil 0.5787476280834913 1.0 0.38899430740037955
2 3 outer 0.5787476280834913 1.0 0.38899430740037955
2 3 next 0.5787476280834913 1.0 0.38899430740037955
3 3 ground 0.78 0.78 0.78
3 4 inner 0.21189120809614148 1.0 0.7558507273877295 2
3 3 ceil 0.8697027197975963 1.0 0.0980392156862745
3 4 outer 0.8697027197975963 1.0 0.0980392156862745
3 4 next 0.8697027197975963 1.0 0.0980392156862745
4 4 ground 0.78 0.78 0.78
4 5 inner 0.5787476280834913 1.0 0.38899430740037955 1
4 4 ceil 1.0 0.5816993464052289 0.0
4 5 outer 1.0 0.5816993464052289 0.0
4 5 next 1.0 0.5816993464052289 0.0
5 5 ground 0.78 0.78 0.78
5 6 inner 0.5787476280834913 1.0 0.38899430740037955 3
5 5 ceil 1.0 0.5816993464052289 0.0
5 6 outer 1.0 0.5816993464052289 0.0
5 6 next 1.0 0.5816993464052289 0.0
6 6 ground 0.78 0.78 0.78
6 7 inner 0.5787476280834913 1.0 0.38899430740037955 1
6 6 ceil 1.0 0.5816993464052289 0.0
6 7 outer 1.0 0.5816993464052289 0.0
6 7 next 1.0 0.5816993464052289 0.0
7 7 ground 0.5 0.0 0.0
7 8 inner 1.0 0.20406681190994935 0.0 3
7 7 ceil 0.78 0.78 0.78
7 8 outer 1.0 0.7269426289034134 0.0
