0 0 4.807354922057604 ground
1 0.08408890148451345 3.700439718141092 inner
1 0.08408890148451345 6.357552004618084 outer
1 0.08408890148451345 3.0 ground
2 0.19730687100931488 2.807354922057604 inner
2 0.19730687100931488 6.0 outer
2 0.19730687100931488 1.584962500721156 ground
3 0.3981380490586126 1.584962500721156 inner
3 0.3981380490586126 3.9068905956085187 outer
3 0.3981380490586126 1.584962500721156 ground
4 0.5989692271079103 1.584962500721156 inner
4 0.5989692271079103 2.321928094887362 outer
4 0.5989692271079103 1.584962500721156 ground
5 0.7998004051572081 1.584962500721156 inner
5 0.7998004051572081 4.459431618637297 outer
5 0.7998004051572081 1.584962500721156 ground
6 1.0006315832065058 1.584962500721156 inner
6 1.0006315832065058 3.169925001442312 outer
6 1.0006315832065058 1.584962500721156 ground
7 1.2014627612558035 1.584962500721156 inner
7 1.2014627612558035 4.906890595608519 outer
7 1.2014627612558035 1.584962500721156 ground
8 1.4022939393051013 1.584962500721156 inner
8 1.4022939393051013 4.169925001442312 outer
8 1.4022939393051013 1.584962500721156 ground
9 1.603125117354399 1.584962500721156 inner
9 1.603125117354399 4.459431618637297 outer
9 1.603125117354399 1.584962500721156 ground
10 1.9832562143827257 0.0 inner
10 1.9832562143827257 4.459431618637297 outer
