0 0 ground 0.2979954379147721 0.9323355353353012 0.8586791066423981
0 1 inner 0.4832899122966322 0.8307877878771761 0.8534620250069503 636
0 0 ceil 0.7451543902360334 0.7685399025354624 0.7828760446258112
0 1 outer 0.7166675508199093 0.7630270301248243 0.7868180639365049
0 1 next 0.7482175069217333 0.7693352529465494 0.7825320123187983
1 1 ground 0.5028462998102466 1.0 0.46489563567362435
1 2 inner 0.28629352494955695 0.937819459657035 0.8554155285964501 169
1 1 ceil 0.5309662883045099 0.8020118407341396 0.8361495714565765
1 2 outer 0.6264097719924293 0.7666226147350935 0.8065324774856935
1 2 next 0.5278875311501752 0.8036543921380989 0.8372222550068495
2 2 ground 0.17743043385511226 0.9911167622703123 0.8128478466960011
2 3 inner 0.2371916508538899 1.0 0.7305502846299811 37
2 2 ceil 0.2371916508538899 1.0 0.7305502846299811
2 3 outer 0.3176447770422699 0.9232448263550412 0.8635827278592318
2 3 next 0.2691928636976967 0.9459243289116267 0.8501862178833529
3 3 ground 0.3763440860215053 1.0 0.5913978494623656
3 4 inner 0.5407969639468686 1.0 0.4269449715370023 15
3 3 ceil 0.5407969639468686 1.0 0.4269449715370023
3 4 outer 0.43959519291587595 1.0 0.5281467425679949
3 4 next 0.5154965211891207 1.0 0.4522454142947502
4 4 ground 0.7938013915243516 1.0 0.1739405439595193
4 5 inner 0.5534471853257431 1.0 0.4142947501581278 26
4 4 ceil 0.47754585705249836 1.0 0.4901960784313726
4 5 outer 0.1899900750854321 0.9847721091535008 0.8188774992321292
4 5 next 0.36060372046739464 0.9039125105859684 0.8717814379605614
5 5 ground 1.0 0.8576615831517794 0.0
5 6 inner 0.641998734977862 1.0 0.3257432005060089 25
5 5 ceil 0.4901960784313725 1.0 0.4775458570524984
5 6 outer 0.22686346260528778 0.9664286945993262 0.8348996770784047
5 6 next 0.2751423149905123 1.0 0.6925996204933587
6 6 ground 0.3763440860215053 1.0 0.5913978494623656
6 7 inner 0.831752055660974 1.0 0.1359898798228969 14
6 6 ceil 0.8697027197975963 1.0 0.0980392156862745
6 7 outer 0.5407969639468686 1.0 0.4269449715370023
6 7 next 0.3763440860215053 1.0 0.5913978494623656
7 7 ground 0.78 0.78 0.78
7 8 inner 1.0 0.8576615831517794 0.0 7
7 7 ceil 1.0 0.7850399419026872 0.0
7 8 outer 0.932953826691967 1.0 0.03478810879190386
7 8 next 0.21189120809614148 1.0 0.7558507273877295
8 8 ground 1.0 0.9157588961510532 0.0
8 9 inner 0.6040480708412397 1.0 0.3636938646426312 51
8 8 ceil 0.3130929791271345 1.0 0.6546489563567364
8 9 outer 0.3273246769365472 0.9188223006871992 0.8657324094082914
8 9 next 0.2245414294750158 1.0 0.7432005060088551
9 9 ground 0.6799493991144844 1.0 0.2877925363693865
9 10 inner 0.6672991777356103 1.0 0.30044275774826057 265
9 9 ceil 0.78 0.78 0.78
9 10 outer 0.6407180774220009 0.7640247225419888 0.8027881779151191
