0 0 ground 0.78 0.78 0.78
0 1 inner 0.644053330978983 0.7635253397731728 0.8019454188194713 10
0 0 ceil 0.39511494816577875 0.8889626125729362 0.8758571801715189
0 1 outer 0.5541508927210251 0.7906220643521772 0.8282879925608401
0 1 next 0.48455112199271244 0.8299358859414162 0.8529855697897443
1 1 ground 0.78 0.78 0.78
1 2 inner 0.4244175515106938 0.8758603598017284 0.8767113570504048 7
1 1 ceil 0.21189120809614148 1.0 0.7558507273877295
1 2 outer 0.21189120809614148 1.0 0.7558507273877295
1 2 next 0.21189120809614148 1.0 0.7558507273877295
2 2 ground 0.78 0.78 0.78
2 3 inner 0.3193593469963465 0.9224587496743164 0.8639762977666654 2
2 2 ceil 0.5787476280834913 1.0 0.38899430740037955
2 3 outer 0.47754585705249836 1.0 0.4901960784313726
2 3 next 0.3763440860215053 1.0 0.5913978494623656
3 3 ground 0.78 0.78 0.78
3 4 inner 0.5787476280834913 1.0 0.38899430740037955 1
3 3 ceil 1.0 0.5816993464052289 0.0
3 4 outer 1.0 0.39288307915758913 0.0
3 4 next 1.0 0.5816993464052289 0.0
4 4 ground 0.78 0.78 0.78
4 5 inner 0.5787476280834913 1.0 0.38899430740037955 1
4 4 ceil 1.0 0.5816993464052289 0.0
4 5 outer 1.0 0.5090777051561368 0.0
4 5 next 1.0 0.5816993464052289 0.0
5 5 ground 0.78 0.78 0.78
5 6 inner 0.5787476280834913 1.0 0.38899430740037955 1
5 5 ceil 1.0 0.5816993464052289 0.0
5 6 outer 1.0 0.5816993464052289 0.0
5 6 next 1.0 0.5816993464052289 0.0
6 6 ground 0.5 0.0 0.0
6 7 inner 1.0 0.20406681190994935 0.0 1
6 6 ceil 0.78 0.78 0.78
6 7 outer 1.0 0.6978939724037765 0.0
