0 0 ground 0.8950031625553446 1.0 0.07273877292852626
0 1 inner 0.16683705405858074 0.9965049044374276 0.8075369318847611 128
0 0 ceil 0.6180301588696859 0.7684833181862387 0.8088189820473226
0 1 outer 0.599998632057575 0.7733227873093048 0.8139615333424739
0 1 next 0.577076913194787 0.7810895298200476 0.8209106561440025
1 1 ground 0.7432005060088547 1.0 0.2245414294750162
1 2 inner 0.6293485135989879 1.0 0.338393421884883 41
1 1 ceil 0.5028462998102466 1.0 0.46489563567362435
1 2 outer 0.25696461414665484 0.9517842538070602 0.8461124559953873
1 2 next 0.5913978494623655 1.0 0.3763440860215054
2 2 ground 1.0 0.741466957153232 0.0
2 3 inner 0.8191018342820998 1.0 0.14864010120177107 182
2 2 ceil 0.7337774263288288 0.7659336002625055 0.7842939439707195
2 3 outer 0.6003878768630977 0.7732063965257936 0.813847420712368
2 3 next 0.6917564311776767 0.7609075221292259 0.7912577993501395
3 3 ground 1.0 0.3202614379084969 0.0
3 4 inner 1.0 0.3638344226579523 0.0 126
3 3 ceil 0.78 0.78 0.78
3 4 outer 0.5608873977714762 0.7876406415732466 0.8260779643001653
