0 0 ground 0.6799493991144844 1.0 0.2877925363693865
0 1 inner 0.4901960784313725 1.0 0.4775458570524984 16
0 0 ceil 0.3510436432637571 1.0 0.6166982922201139
0 1 outer 0.1671125444663003 0.9963643606815334 0.8076776534123945
0 1 next 0.6166982922201137 1.0 0.35104364326375714
1 1 ground 1.0 0.20406681190994935 0.0
1 2 inner 1.0 0.7559912854030507 0.0 9
1 1 ceil 1.0 0.7559912854030507 0.0
1 2 outer 1.0 0.9157588961510532 0.0
1 2 next 0.8697027197975963 1.0 0.0980392156862745
2 2 ground 0.78 0.78 0.78
2 3 inner 0.7139037433155082 0.0 0.0 1
2 2 ceil 0.5 0.0 0.0
2 3 outer 0.5 0.0 0.0
2 3 next 0.5 0.0 0.0
3 3 ground 0.78 0.78 0.78
3 4 inner 0.7139037433155082 0.0 0.0 2
3 3 ceil 0.5 0.0 0.0
3 4 outer 0.5 0.0 0.0
3 4 next 0.5 0.0 0.0
4 4 ground 0.78 0.78 0.78
4 5 inner 0.7139037433155082 0.0 0.0 2
4 4 ceil 0.5 0.0 0.0
4 5 outer 0.5 0.0 0.0
4 5 next 0.5 0.0 0.0
5 5 ground 0.78 0.78 0.78
5 6 inner 1.0 0.5816993464052289 0.0 3
5 5 ceil 1.0 0.3783587509077707 0.0
5 6 outer 1.0 0.46550472040668145 0.0
5 6 next 1.0 0.5816993464052289 0.0
6 6 ground 0.78 0.78 0.78
6 7 inner 0.7139037433155082 0.0 0.0 1
6 6 ceil 0.5 0.0 0.0
6 7 outer 0.5 0.0 0.0
6 7 next 1.0 0.9012345679012348 0.0
7 7 ground 1.0 0.5381263616557737 0.0
7 8 inner 1.0 0.6107480029048659 0.0 37
7 7 ceil 0.78 0.78 0.78
7 8 outer 0.4609202014445617 0.8466987042411306 0.8620685057724673
