0 0 ground 0.8191018342820998 1.0 0.14864010120177107
0 1 inner 0.4016445287792536 1.0 0.5660974067046174 124
0 0 ceil 0.481124889380947 0.8322614927351346 0.8542821471954345
0 1 outer 0.6536263429620872 0.7623176343887779 0.7995919891428254
0 1 next 0.5262539187710439 0.8045382077548022 0.8377940823011459
1 1 ground 0.8697027197975963 1.0 0.0980392156862745
1 2 inner 1.0 0.6688453159041396 0.0 16
1 1 ceil 1.0 0.6107480029048659 0.0
1 2 outer 0.5913978494623655 1.0 0.3763440860215054
1 2 next 0.21189120809614148 1.0 0.7558507273877295
2 2 ground 0.78 0.78 0.78
2 3 inner 1.0 0.3057371096586785 0.0 6
2 2 ceil 1.0 0.16049382716049398 0.0
2 3 outer 1.0 0.5381263616557737 0.0
2 3 next 0.641998734977862 1.0 0.3257432005060089
3 3 ground 1.0 0.5816993464052289 0.0
3 4 inner 1.0 0.4509803921568629 0.0 14
3 3 ceil 1.0 0.4364560639070445 0.0
3 4 outer 0.7811511701454774 1.0 0.18659076533839347
3 4 next 1.0 0.5671750181554105 0.0
4 4 ground 1.0 0.1750181554103124 0.0
4 5 inner 1.0 0.21859114015976777 0.0 91
4 4 ceil 0.78 0.78 0.78
4 5 outer 0.24984187223276405 1.0 0.717900063251107
