0 0 ground 0.78 0.78 0.78
0 1 inner 0.5484439325120697 0.7932641003639986 0.8301869179713092 0
0 0 ceil 0.5787476280834913 1.0 0.38899430740037955
0 1 outer 0.5787476280834913 1.0 0.38899430740037955
0 1 next 0.46489563567362424 1.0 0.5028462998102468
1 1 ground 0.78 0.78 0.78
1 2 inner 0.21189120809614148 1.0 0.7558507273877295 3
1 1 ceil 0.8697027197975963 1.0 0.0980392156862745
1 2 outer 0.8697027197975963 1.0 0.0980392156862745
1 2 next 0.8697027197975963 1.0 0.0980392156862745
2 2 ground 0.78 0.78 0.78
2 3 inner 0.3763440860215053 1.0 0.5913978494623656 0
2 2 ceil 1.0 0.5816993464052289 0.0
2 3 outer 1.0 0.8576615831517794 0.0
2 3 next 1.0 0.5816993464052289 0.0
3 3 ground 0.5 0.0 0.0
3 4 inner 1.0 0.20406681190994935 0.0 3
3 3 ceil 0.78 0.78 0.78
3 4 outer 1.0 0.6978939724037765 0.0
