0 0 ground 0.7702814719095038 0.7762643254742629 0.780562586185462
0 1 inner 0.7728620557793989 0.7772148413945242 0.7803940451705024 14854
0 0 ceil 0.7778365214602099 0.7791315038672679 0.7801080522841475
0 1 outer 0.7783019237766068 0.7793165396827182 0.7800839623956958
0 1 next 0.7761383557693159 0.7784646567650848 0.7801998505974285
1 1 ground 0.7598020655584717 0.7727081290513994 0.7813832269017483
1 2 inner 0.7637467696757271 0.7739899011980088 0.7810491583541012 7847
1 1 ceil 0.7764483264523119 0.7785854056608356 0.7801826396798928
1 2 outer 0.776857127401081 0.7787453174507348 0.7801602511129587
1 2 next 0.772939339037246 0.7772437672021627 0.7803892080036848
2 2 ground 0.7081013672852953 0.762019557364256 0.7882469955089947
2 3 inner 0.7373398758191134 0.7666911542484324 0.7838267128596215 1854
2 2 ceil 0.7655827916859486 0.7746098320255524 0.7809039251827947
2 3 outer 0.767171241752564 0.7751581910504837 0.7807836140808238
2 3 next 0.7592463980356792 0.7725330510361708 0.7814326696478004
3 3 ground 0.6782852571553046 0.760774689026477 0.7940024283635945
3 4 inner 0.7139751678765038 0.7626785340345764 0.7872557168927861 718
3 3 ceil 0.7403529676958088 0.7673734416019293 0.7834479246293152
3 4 outer 0.7556399254712244 0.7714294470413683 0.7817676439303519
3 4 next 0.7493091745001494 0.7696283997198914 0.782413388637498
4 4 ground 0.6115286825244253 0.7700975234749783 0.8106388569818708
4 5 inner 0.6827277246307538 0.760741228477291 0.7930720965757466 631
4 4 ceil 0.7383742170997151 0.7669210672740547 0.7836949733665434
4 5 outer 0.7456891908420163 0.7686758829325999 0.7828147988473865
4 5 next 0.7362853905522221 0.7664613847114835 0.7839628421230375
5 5 ground 0.6210375081636879 0.7677869408748705 0.8079906291526995
5 6 inner 0.6479795126754379 0.7629894080192972 0.8009683337090724 1129
5 5 ceil 0.7687006649889968 0.775696744668628 0.7806725035097571
5 6 outer 0.7599498884609134 0.772754931880737 0.7813701721399055
5 6 next 0.7205562935809532 0.7635822612285292 0.7862049029220836
6 6 ground 0.3257432005060088 1.0 0.6419987349778622
6 7 inner 0.36929586826081906 0.9000964302671629 0.873018788362047 172
6 6 ceil 0.7362219886907707 0.7664477181243766 0.7839710854725436
6 7 outer 0.7001420977825896 0.7613463672805129 0.7896678148289276
6 7 next 0.7358990941898538 0.7663783777455148 0.784013169994338
7 7 ground 0.5407969639468686 1.0 0.4269449715370023
7 8 inner 0.35081691946182725 0.9082486421663204 0.8702183846670496 51
7 7 ceil 0.4976035757824182 0.8214057332331837 0.8481116779292404
7 8 outer 0.5112673567831866 0.8130404619165827 0.8431240478686909
7 8 next 0.5668682116841945 0.78511902419902 0.8241450052275563
8 8 ground 0.2569759634083182 0.9517787907241009 0.846116366044236
8 9 inner 0.4896637268021211 0.82653231935647 0.851064016206929 131
8 8 ceil 0.6196079478660049 0.7681139873851112 0.8083833187726505
8 9 outer 0.6493458538760674 0.762816121909788 0.8006321495057299
8 9 next 0.6249633492930657 0.7669260184886002 0.806922319051989
9 9 ground 0.2401215888892536 0.9599407668797495 0.8400457120119781
9 10 inner 0.4423912768549798 0.8610115699789287 0.8694119119314256 269
9 9 ceil 0.6881302190187552 0.7608028108546924 0.7919739670509861
9 10 outer 0.6668380503288183 0.761207073312731 0.7965096877609628
9 10 next 0.6607379262806632 0.7616390775940336 0.797908394365801
10 10 ground 0.2794691589441176 0.941041096000226 0.8533941216459483
10 11 inner 0.3405086223709908 0.9128600391201285 0.8683775180193513 266
10 10 ceil 0.6992064271628852 0.7612837118049645 0.7898405625910304
10 11 outer 0.7022167254060985 0.7614976215734585 0.7892890374988042
10 11 next 0.5199055003730046 0.8080532590594313 0.840033535123023
11 11 ground 0.8570524984187222 1.0 0.11068943706514867
11 12 inner 0.831752055660974 1.0 0.1359898798228969 119
11 11 ceil 0.78 0.78 0.78
11 12 outer 0.5821797596419136 0.7792062563382076 0.8193254760892392
