0 0 disc 0.0 0.0 0.5
0 1 inner 1.0 0.8867102396514164 0.0 14
0 1 outer 1.0 0.6688453159041396 0.0
1 1 disc 0.0 0.0 0.5
1 2 inner 1.0 0.4509803921568629 0.0 6
1 2 outer 1.0 0.3783587509077707 0.0
2 2 disc 0.0 0.0 0.5
2 3 inner 0.8386809269162212 0.0 0.0 2
2 3 outer 0.8386809269162212 0.0 0.0
3 3 disc 0.0 0.0 0.5
3 4 inner 0.8386809269162212 0.0 0.0 0
3 4 outer 0.8386809269162212 0.0 0.0
4 4 disc 0.0 0.0 0.5
4 5 inner 0.8386809269162212 0.0 0.0 1
4 5 outer 0.8386809269162212 0.0 0.0
5 5 disc 0.0 0.0 0.5
5 6 inner 0.8386809269162212 0.0 0.0 1
5 6 outer 0.8386809269162212 0.0 0.0
6 6 disc 0.0 0.0 0.5
6 7 inner 0.8386809269162212 0.0 0.0 3
6 7 outer 0.8386809269162212 0.0 0.0
7 7 disc 0.0 0.0 0.5
7 8 inner 0.8386809269162212 0.0 0.0 1
7 8 outer 0.8386809269162212 0.0 0.0
8 8 disc 0.0 0.0 0.5
8 9 inner 0.8386809269162212 0.0 0.0 2
8 9 outer 0.8386809269162212 0.0 0.0
9 9 disc 0.5 0.0 0.0
9 10 inner 0.0 0.0 0.5 4
