0 0 ground 0.78 0.78 0.78
0 1 inner 0.6308184472002099 0.7657438474170197 0.8053569098864406 6
0 0 ceil 0.39511494816577875 0.8889626125729362 0.8758571801715189
0 1 outer 0.5059985808814657 0.816197267458333 0.8450331088716448
0 1 next 0.4416128593568851 0.8616350770387033 0.8697245108255873
1 1 ground 0.78 0.78 0.78
1 2 inner 0.39511494816577875 0.8889626125729362 0.8758571801715189 7
1 1 ceil 0.3763440860215053 1.0 0.5913978494623656
1 2 outer 0.2371916508538899 1.0 0.7305502846299811
1 2 next 0.46489563567362424 1.0 0.5028462998102468
2 2 ground 0.78 0.78 0.78
2 3 inner 0.21189120809614148 1.0 0.7558507273877295 0
2 2 ceil 0.8697027197975963 1.0 0.0980392156862745
2 3 outer 0.8697027197975963 1.0 0.0980392156862745
2 3 next 0.8697027197975963 1.0 0.0980392156862745
3 3 ground 0.78 0.78 0.78
3 4 inner 0.3763440860215053 1.0 0.5913978494623656 4
3 3 ceil 1.0 0.5816993464052289 0.0
3 4 outer 0.8950031625553446 1.0 0.07273877292852626
3 4 next 1.0 0.5816993464052289 0.0
4 4 ground 0.78 0.78 0.78
4 5 inner 0.5787476280834913 1.0 0.38899430740037955 2
4 4 ceil 1.0 0.5816993464052289 0.0
4 5 outer 1.0 0.5816993464052289 0.0
4 5 next 1.0 0.5816993464052289 0.0
5 5 ground 0.5 0.0 0.0
5 6 inner 1.0 0.5816993464052289 0.0 0
5 5 ceil 0.78 0.78 0.78
5 6 outer 0.9835547122074635 0.9448075526506902 0.0
