0 0 ground 0.46003067458667957 0.8473625157901912 0.8624166960895101
0 1 inner 0.5118512663716407 0.8126959550684787 0.8429135883408542 628
0 0 ceil 0.6796416071937352 0.7607564575159118 0.7937158025663484
0 1 outer 0.7215381069679835 0.7637321779189679 0.7860536856248915
0 1 next 0.683922565750789 0.7607451541936109 0.792826058295435
1 1 ground 0.644053330978983 0.7635253397731728 0.8019454188194713
1 2 inner 0.17935650071643627 0.9901406927326851 0.8137913384573404 38
1 1 ceil 0.21189120809614148 1.0 0.7558507273877295
1 2 outer 0.333306500340137 0.9161082549909809 0.8669729727368699
1 2 next 0.32622075568962505 0.9193247559666111 0.8654961311837397
2 2 ground 0.19924098671726753 1.0 0.7685009487666035
2 3 inner 0.2509883244622646 0.954667217024479 0.8440202102144956 310
2 2 ceil 0.7499954121385637 0.7698152904023636 0.7823399027575642
2 3 outer 0.7208887534036554 0.7636325852595786 0.7861535346631574
2 3 next 0.689908454383801 0.7608477756029215 0.791620647275123
3 3 ground 1.0 0.5526506899055921 0.0
3 4 inner 1.0 0.5816993464052289 0.0 143
3 3 ceil 0.78 0.78 0.78
3 4 outer 0.4809022512974439 0.8324138493340771 0.8543666427661007
