0 0 4.321928094887363 ground
1 0.08776480730393806 3.584962500721156 inner
1 0.08776480730393806 5.392317422778761 outer
1 0.08776480730393806 2.807354922057604 ground
2 0.2106247689813482 2.584962500721156 inner
2 0.2106247689813482 6.189824558880018 outer
2 0.2106247689813482 2.0 ground
3 0.36977971207324356 2.0 inner
3 0.36977971207324356 3.4594316186372973 outer
3 0.36977971207324356 2.0 ground
4 0.5670378381247552 1.584962500721156 inner
4 0.5670378381247552 5.169925001442312 outer
4 0.5670378381247552 1.584962500721156 ground
5 0.7678690161740529 1.584962500721156 inner
5 0.7678690161740529 4.0 outer
5 0.7678690161740529 1.584962500721156 ground
6 1.1480001132023796 0.0 inner
6 1.1480001132023796 2.321928094887362 outer
