0 0 10.702172685365548
1 0.031093123981735547 13.019416982944184
1 0.031093123981735547 9.189824558880018
2 0.06382103082124624 12.0
2 0.06382103082124624 7.727920454563199
3 0.10141476881821472 10.4189067312579
3 0.10141476881821472 6.906890595608519
4 0.14191303364298158 9.705632387361415
4 0.14191303364298158 6.3750394313469245
5 0.1938348177158676 9.152284842306582
5 0.1938348177158676 5.930737337562887
6 0.24291506628525647 8.991521846075695
6 0.24291506628525647 4.643856189774724
7 0.28146961852158836 7.011227255423254
7 0.28146961852158836 3.0
8 0.3547947891467277 7.0
8 0.3547947891467277 4.321928094887363
9 0.4197858215114933 7.584962500721156
9 0.4197858215114933 3.9068905956085187
10 0.4968751093555752 7.459431618637297
10 0.4968751093555752 3.584962500721156
11 0.5838733413214053 7.2384047393250786
11 0.5838733413214053 3.807354922057604
12 0.7189462910027118 5.044394119358453
