0 0 3.0 ground
1 0.1361611103048825 5.129283016944966 inner
1 0.1361611103048825 7.813781191217037 outer
1 0.1361611103048825 1.584962500721156 ground
2 0.29904127695933247 5.0 inner
2 0.29904127695933247 6.087462841250339 outer
2 0.29904127695933247 2.0 ground
3 0.4455629007431321 5.044394119358453 inner
3 0.4455629007431321 6.857980995127572 outer
3 0.4455629007431321 2.0 ground
4 0.5851403098107515 5.0 inner
4 0.5851403098107515 6.044394119358453 outer
4 0.5851403098107515 1.584962500721156 ground
5 0.7243094375191776 4.954196310386875 inner
5 0.7243094375191776 6.459431618637297 outer
5 0.7243094375191776 3.4594316186372973 ground
6 0.8861805919973962 4.584962500721156 inner
6 0.8861805919973962 8.658211482751796 outer
