0 0 ground 0.5594772451818171 0.7882523970717301 0.8265377349274903
0 1 inner 0.7685009487666034 1.0 0.19924098671726753 38
0 0 ceil 1.0 0.9157588961510532 0.0
0 1 outer 0.27623043626767974 0.9425759937477491 0.8524043693224724
0 1 next 0.4244175515106938 0.8758603598017284 0.8767113570504048
1 1 ground 0.3763440860215053 1.0 0.5913978494623656
1 2 inner 1.0 0.9012345679012348 0.0 12
1 1 ceil 1.0 0.843137254901961 0.0
1 2 outer 0.5913978494623655 1.0 0.3763440860215054
1 2 next 0.5913978494623655 1.0 0.3763440860215054
2 2 ground 0.9203036053130929 1.0 0.04743833017077803
2 3 inner 0.9835547122074635 0.9448075526506902 0.0 51
2 2 ceil 0.730550284629981 1.0 0.23719165085388993
2 3 outer 0.31851226550310496 0.9228469641643091 0.8637825437173023
2 3 next 0.9582542694497153 0.973856209150327 0.009487666034155628
3 3 ground 1.0 0.3202614379084969 0.0
3 4 inner 1.0 0.3638344226579523 0.0 199
3 3 ceil 0.78 0.78 0.78
3 4 outer 0.2751423149905123 1.0 0.6925996204933587
