0 0 4.700439718141093 ground
1 0.07467770563718235 4.247927513443585 inner
1 0.07467770563718235 7.6865005271832185 outer
1 0.07467770563718235 3.321928094887362 ground
2 0.1704985292948912 3.321928094887362 inner
2 0.1704985292948912 5.882643049361842 outer
2 0.1704985292948912 3.169925001442312 ground
3 0.2833272321039466 2.807354922057604 inner
3 0.2833272321039466 5.727920454563199 outer
3 0.2833272321039466 2.807354922057604 ground
4 0.4187836145928563 2.321928094887362 inner
4 0.4187836145928563 5.807354922057604 outer
4 0.4187836145928563 1.584962500721156 ground
5 0.619614792642154 1.584962500721156 inner
5 0.619614792642154 5.459431618637297 outer
5 0.619614792642154 1.584962500721156 ground
6 0.8204459706914518 1.584962500721156 inner
6 0.8204459706914518 5.129283016944966 outer
6 0.8204459706914518 1.584962500721156 ground
7 1.0212771487407495 1.584962500721156 inner
7 1.0212771487407495 2.584962500721156 outer
7 1.0212771487407495 1.584962500721156 ground
8 1.3182179611316869 1.0 inner
8 1.3182179611316869 2.807354922057604 outer
