0 0 ground 0.78 0.78 0.78
0 1 inner 0.4392741389066017 0.8635190819355775 0.8706656482209143 3
0 0 ceil 0.30044275774826057 1.0 0.6672991777356103
0 1 outer 0.22302366664680062 0.9683185706433155 0.8333484425977506
0 1 next 0.17559818492889656 0.9920463189630986 0.8119439892521793
1 1 ground 0.78 0.78 0.78
1 2 inner 0.27959319168008934 0.9409823903190615 0.8534316366958143 11
1 1 ceil 0.5281467425679949 1.0 0.439595192915876
1 2 outer 0.42694497153700184 1.0 0.540796963946869
1 2 next 0.4016445287792536 1.0 0.5660974067046174
2 2 ground 0.78 0.78 0.78
2 3 inner 0.6799493991144844 1.0 0.2877925363693865 1
2 2 ceil 1.0 0.39288307915758913 0.0
2 3 outer 1.0 0.6978939724037765 0.0
2 3 next 1.0 0.39288307915758913 0.0
3 3 ground 0.78 0.78 0.78
3 4 inner 0.8570524984187222 1.0 0.11068943706514867 3
3 3 ceil 1.0 0.39288307915758913 0.0
3 4 outer 1.0 0.39288307915758913 0.0
3 4 next 1.0 0.39288307915758913 0.0
4 4 ground 0.78 0.78 0.78
4 5 inner 0.8570524984187222 1.0 0.11068943706514867 0
4 4 ceil 1.0 0.39288307915758913 0.0
4 5 outer 1.0 0.39288307915758913 0.0
4 5 next 1.0 0.39288307915758913 0.0
5 5 ground 0.5 0.0 0.0
5 6 inner 1.0 0.08787218591140178 0.0 3
5 5 ceil 0.78 0.78 0.78
5 6 outer 1.0 0.4945533769063183 0.0
