0 0 ground 0.78 0.78 0.78
0 1 inner 0.5046221575927314 0.8170362273698825 0.8455347874119667 5
0 0 ceil 0.4016445287792536 1.0 0.5660974067046174
0 1 outer 0.3105708232084128 0.9265002828634605 0.8619006834737258
0 1 next 0.22811596995558825 0.9658132800253506 0.8353997684151114
1 1 ground 0.78 0.78 0.78
1 2 inner 0.30044275774826057 1.0 0.6672991777356103 4
1 1 ceil 0.8570524984187222 1.0 0.11068943706514867
1 2 outer 0.8570524984187222 1.0 0.11068943706514867
1 2 next 0.8570524984187222 1.0 0.11068943706514867
2 2 ground 0.78 0.78 0.78
2 3 inner 0.30044275774826057 1.0 0.6672991777356103 3
2 2 ceil 0.8570524984187222 1.0 0.11068943706514867
2 3 outer 0.8570524984187222 1.0 0.11068943706514867
2 3 next 0.8570524984187222 1.0 0.11068943706514867
3 3 ground 0.78 0.78 0.78
3 4 inner 0.5281467425679949 1.0 0.439595192915876 1
3 3 ceil 1.0 0.7995642701525056 0.0
3 4 outer 1.0 0.7995642701525056 0.0
3 4 next 1.0 0.7995642701525056 0.0
4 4 ground 0.78 0.78 0.78
4 5 inner 0.5281467425679949 1.0 0.439595192915876 4
4 4 ceil 1.0 0.7995642701525056 0.0
4 5 outer 1.0 0.7995642701525056 0.0
4 5 next 1.0 0.39288307915758913 0.0
5 5 ground 0.5 0.0 0.0
5 6 inner 1.0 0.08787218591140178 0.0 2
5 5 ceil 0.78 0.78 0.78
5 6 outer 1.0 0.4945533769063183 0.0
