0 0 5.700439718141093 ground
1 0.0730666861903362 8.139551352398794 inner
1 0.0730666861903362 11.721526464007477 outer
1 0.0730666861903362 4.087462841250339 ground
2 0.16482655250539024 7.392317422778761 inner
2 0.16482655250539024 10.239598529249124 outer
2 0.16482655250539024 3.4594316186372973 ground
3 0.2588376073361459 6.599912842187128 inner
3 0.2588376073361459 8.894817763307943 outer
3 0.2588376073361459 2.584962500721156 ground
4 0.36489575560463094 6.169925001442312 inner
4 0.36489575560463094 7.562242424221073 outer
4 0.36489575560463094 2.807354922057604 ground
5 0.4772308936722145 6.169925001442312 inner
5 0.4772308936722145 8.31741261376487 outer
5 0.4772308936722145 2.321928094887362 ground
6 0.6023057855795295 6.108524456778169 inner
6 0.6023057855795295 8.257387842692651 outer
6 0.6023057855795295 2.584962500721156 ground
7 0.7170078249406184 5.700439718141093 inner
7 0.7170078249406184 7.900866807980749 outer
7 0.7170078249406184 2.0 ground
8 0.8416394472925348 5.426264754702098 inner
8 0.8416394472925348 7.451211111832329 outer
8 0.8416394472925348 2.0 ground
9 0.9815586416119653 6.20945336562895 inner
9 0.9815586416119653 9.18239435340453 outer
9 0.9815586416119653 3.4594316186372973 ground
10 1.1128483703632321 6.169925001442312 inner
10 1.1128483703632321 10.697836357962377 outer
