0 0 ground 0.779553153611249 0.7798188783932273 0.7800214937861745
0 1 inner 0.7796599680865304 0.7798620912536225 0.7800163167476755 221030
0 0 ceil 0.7798661862501218 0.7799456656175497 0.7800063914124372
0 1 outer 0.7798771851908369 0.7799501286083586 0.7800058646068052
0 1 next 0.7797868074373631 0.7799134727471065 0.7800102010810084
1 1 ground 0.7790375568805064 0.7796110177287576 0.7800468286602591
1 2 inner 0.7793082315506972 0.7797199885018525 0.7800334572756826 103266
1 1 ceil 0.7797560173694467 0.7799009932406445 0.7800116824626073
1 2 outer 0.7797468228893983 0.7798972674665876 0.7800121252267082
1 2 next 0.7796100845060453 0.77984190389908 0.7800187314254415
2 2 ground 0.7782086467639339 0.7792793757201332 0.7800887535418587
2 3 inner 0.7787131516195155 0.779480853841088 0.7800630614163725 57213
2 2 ceil 0.7796177918201919 0.7798450222282652 0.7800183579930366
2 3 outer 0.7795630443528273 0.7798228776124169 0.780021013373645
2 3 next 0.7793479898052018 0.77973602278821 0.7800315064674614
3 3 ground 0.776503691856041 0.7786070188925757 0.7801795868640559
3 4 inner 0.7775046672338364 0.7790001636733604 0.7801255111489807 30583
3 3 ceil 0.7793810002113061 0.7797493411612011 0.7800298893365151
3 4 outer 0.7792237426731592 0.7796859384449406 0.7800376141509702
3 4 next 0.7789559111981819 0.77957821335061 0.7800508928455716
4 4 ground 0.7727507498975745 0.7771732285610258 0.7804010334235452
4 5 inner 0.775051976637955 0.7780448803018656 0.7802617642369868 13688
4 4 ceil 0.7787624385399098 0.7795005988803468 0.7800605806455255
4 5 outer 0.7784877547733373 0.7793906971177513 0.7800744726180247
4 5 next 0.7779473045731542 0.7791754602877674 0.7801022761339191
5 5 ground 0.76592431450511 0.7747267889140298 0.780877637950915
5 6 inner 0.7707130597963083 0.7764212208347672 0.780533453730458 6998
5 5 ceil 0.7778761225115811 0.779147210350954 0.7801059845138021
5 6 outer 0.7770667005746363 0.7788275896367184 0.7801489104748125
5 6 next 0.7767249584117847 0.7786935339361141 0.780167450932396
6 6 ground 0.7544085743828912 0.771065583824877 0.781887537315815
6 7 inner 0.7629320711157449 0.7737195782831321 0.7811157031674868 4111
6 6 ceil 0.777199783200995 0.7788799370198255 0.7801417572371455
6 7 outer 0.775610702053533 0.7782601069315515 0.7802296129725488
6 7 next 0.7753435106038011 0.7781570065884778 0.780244906711467
7 7 ground 0.7277709977740721 0.7647760045243809 0.7851281546771973
7 8 inner 0.7504124323868275 0.7699298493672874 0.7822956561162866 1580
7 7 ceil 0.7712659693478383 0.7766234356716211 0.7804966846374437
7 8 outer 0.7682378677148701 0.7755326842746622 0.7807056327075178
7 8 next 0.7685905402052045 0.7756576193967487 0.780680347897496
8 8 ground 0.7018916285080363 0.7614727952853633 0.789348003628968
8 9 inner 0.7373576537420291 0.7666950679798057 0.7838244335666978 928
8 8 ceil 0.7637878136520472 0.7740035972026437 0.7810458399028696
8 9 outer 0.7604219503875079 0.7729050333070506 0.7813287601778215
8 9 next 0.7605333058228574 0.7729405831072534 0.781319053145362
9 9 ground 0.6812473579179807 0.7607439751300213 0.7933794001453143
9 10 inner 0.7291332936938879 0.7650254434950847 0.7849339160402953 663
9 9 ceil 0.7580189924430345 0.7721511004550747 0.7815439450320545
9 10 outer 0.7534294392125792 0.770780933975084 0.781984856305218
9 10 next 0.7599040532395192 0.7727404095797248 0.7813742155818388
10 10 ground 0.6571103787370364 0.761961778140101 0.7987601553765561
10 11 inner 0.7180928338476924 0.7632233969302539 0.7865907105968051 536
10 10 ceil 0.7549151322468756 0.7712144759893919 0.7818378776872025
10 11 outer 0.7523239994238208 0.7704645419210002 0.7820968263984093
10 11 next 0.7522956026113056 0.7704564838057067 0.7820997318936443
11 11 ground 0.6826693759784837 0.7607411773859475 0.7930841572840557
11 12 inner 0.7230345027308142 0.7639682434917486 0.785826029791297 449
11 11 ceil 0.7424504487425394 0.767870993959326 0.7831932582384593
11 12 outer 0.7411839466290674 0.7675683380165678 0.7833461392199031
11 12 next 0.7437448789025286 0.7681873418921622 0.7830398335375998
12 12 ground 0.6690032304529627 0.7610872932928916 0.796023551177742
12 13 inner 0.7168503959401596 0.7630517607826547 0.7867887290418848 426
12 12 ceil 0.7424864366399878 0.7678796931469712 0.7831889539803202
12 13 outer 0.7392466931820965 0.7671184973206943 0.7835852354761672
12 13 next 0.7401316440174277 0.7673220241164137 0.7834752307209643
13 13 ground 0.6627553723700539 0.7614808051513602 0.797441105033228
13 14 inner 0.7095497320362054 0.7621691911466484 0.7879979756373556 366
13 13 ceil 0.7353165009343641 0.7662543718474926 0.7840895355223554
13 14 outer 0.7352361430377257 0.7662373789476783 0.7841001123829776
13 14 next 0.7452439536066219 0.7685625903887813 0.7828657531642554
14 14 ground 0.6682767357471754 0.7611255170086919 0.7961860576398977
14 15 inner 0.7101132099617959 0.762229674543945 0.787901902276603 717
14 14 ceil 0.7607640564981581 0.7730144221852325 0.7812990133378359
14 15 outer 0.7511631999377503 0.7701379749351371 0.7822167825419869
14 15 next 0.7542453276569498 0.7710178374766653 0.7819036411688056
15 15 ground 0.6437874122990203 0.7635636714684075 0.8020121850796565
15 16 inner 0.6850516413806598 0.7607539155755296 0.7925952090368258 328
15 15 ceil 0.7169482730635238 0.763065054798834 0.7867730463836081
15 16 outer 0.7175697174106271 0.7631503678372136 0.7866738048914877
15 16 next 0.7291927639080584 0.7650365073690845 0.7849255033812104
16 16 ground 0.6504956447757988 0.7626756047283347 0.8003508007814846
16 17 inner 0.6652694294320137 0.761304856350358 0.796865282626818 718
16 16 ceil 0.7638956460121729 0.7740396152483889 0.7810371371232814
16 17 outer 0.7534061395270351 0.7707742108676902 0.781987193430767
16 17 next 0.7279395930071114 0.7648064589523298 0.7851039576378006
17 17 ground 0.3850468080500159 0.8932676829361615 0.8748993023305678
17 18 inner 0.44810690523339725 0.856488038958577 0.8671266125991561 201
17 17 ceil 0.7581076995946068 0.7721784845929156 0.7815358080900028
17 18 outer 0.7009955860322458 0.7614065326215103 0.7895112769635636
17 18 next 0.7186185736422674 0.7632979119837148 0.7865076103958646
18 18 ground 0.5028462998102466 1.0 0.46489563567362435
18 19 inner 0.4901960784313725 1.0 0.4775458570524984 79
18 18 ceil 0.78 0.78 0.78
18 19 outer 0.5975749972696047 0.7740592340028236 0.8146750558485694
