0 0 ground 0.7710197144755687 0.7765332045355807 0.780512984065446
0 1 inner 0.7725338320234302 0.7770922911978766 0.7804147256639885 33686
0 0 ceil 0.7788994539922272 0.7795555471364056 0.7800537115508228
0 1 outer 0.7786280119742582 0.7794467716574082 0.7800673590212727
0 1 next 0.7768219803865174 0.778731539222449 0.7801621621201894
1 1 ground 0.7456477029635009 0.7686652905038618 0.7828195323015363
1 2 inner 0.7541099462853424 0.7709783286284903 0.7819170331697982 8165
1 1 ceil 0.7770086547041904 0.7788047826721809 0.7801520422069793
1 2 outer 0.7749648834909759 0.7780114578544246 0.7802668347279813
1 2 next 0.7731283357536517 0.777314618317257 0.7803774305255643
2 2 ground 0.6731683916422404 0.7609066011917287 0.7951038617129176
2 3 inner 0.709489877535811 0.7621628411378614 0.7880082074717704 2523
2 2 ceil 0.7691320032004597 0.775850510510748 0.7806420126474528
2 3 outer 0.7636415808182255 0.7739548345002722 0.7810576779172786
2 3 next 0.762714582913326 0.7736479079270314 0.7811336846937609
3 3 ground 0.5811277506873678 0.7795873375793976 0.8196505305812765
3 4 inner 0.6560695541737532 0.762063383886601 0.7990072546249077 1068
3 3 ceil 0.7539934673268717 0.7709443995823893 0.7819285821526113
3 4 outer 0.7452394887382908 0.7685614585568982 0.7828662658797091
3 4 next 0.7471365818741675 0.7690500145597543 0.7826515407828796
4 4 ground 0.4696981541613734 0.8402752431055545 0.8586566381750536
4 5 inner 0.5686701392656184 0.7843825344167674 0.8235680989741379 702
4 4 ceil 0.755529997379002 0.7713966962594823 0.7817782338960775
4 5 outer 0.7344202870543636 0.7660663815321362 0.7842080944465039
4 5 next 0.728038211185955 0.7648243273760428 0.7850898245120149
5 5 ground 0.21189120809614148 1.0 0.7558507273877295
5 6 inner 0.38741761463021085 0.8922496727996627 0.8751419975747547 227
5 5 ceil 0.6975662978589804 0.761182204671241 0.7901462234125679
5 6 outer 0.6685664688418006 0.7611100347123619 0.7961211744981253
5 6 next 0.6951384524089143 0.7610513492758169 0.790605300212392
6 6 ground 0.2877925363693864 1.0 0.6799493991144845
6 7 inner 0.3147889609574849 0.924556712629706 0.8629149588864865 160
6 6 ceil 0.5791890067923722 0.7802994034782303 0.8202519569623015
6 7 outer 0.622152103574258 0.7675369629105935 0.8076858138168134
6 7 next 0.570122983331772 0.7837965842212478 0.8231048178256257
7 7 ground 0.4016445287792536 1.0 0.5660974067046174
7 8 inner 0.16014232895275893 0.9999271027441726 0.8040745016626789 232
7 7 ceil 0.7343251669546178 0.7660466260073308 0.7842207546840507
7 8 outer 0.589050656125476 0.776809426774855 0.8172251286808307
7 8 next 0.7151320574348108 0.7628246887752662 0.7870663581683275
8 8 ground 0.831752055660974 1.0 0.1359898798228969
8 9 inner 0.6799493991144844 1.0 0.2877925363693865 164
8 8 ceil 0.7534994634117868 0.7708011535213812 0.7819778383257167
8 9 outer 0.5282592093756804 0.8034544934908217 0.8370924094343455
8 9 next 0.6414222499221822 0.7639159228158106 0.8026092807979037
9 9 ground 0.5 0.0 0.0
9 10 inner 1.0 0.2912127814088604 0.0 6
9 9 ceil 1.0 0.27668845315904156 0.0
9 10 outer 1.0 0.3638344226579523 0.0
9 10 next 1.0 0.6252723311546844 0.0
10 10 ground 1.0 0.2912127814088604 0.0
10 11 inner 1.0 0.6833696441539581 0.0 85
10 10 ceil 0.40793651442672396 0.8835500227719879 0.8768014929201754
10 11 outer 0.20608977138525153 0.9767100135546928 0.8261819167015421
10 11 next 0.28732224885991753 0.9373353116385897 0.8557126952092865
11 11 ground 1.0 0.46550472040668145 0.0
11 12 inner 1.0 0.6543209876543212 0.0 81
11 11 ceil 0.37449500215655285 0.8978299323827813 0.8736910516296749
11 12 outer 0.3070544467909845 0.9281258149050334 0.8610296756562855
11 12 next 0.4955425212639215 0.822717840998042 0.8488742953612642
12 12 ground 0.78 0.78 0.78
12 13 inner 0.606951871657754 0.0 0.0 8
12 12 ceil 0.5 0.0 0.0
12 13 outer 0.5 0.0 0.0
12 13 next 1.0 0.33478576615831535 0.0
13 13 ground 1.0 0.11692084241103862 0.0
13 14 inner 1.0 0.1750181554103124 0.0 78
13 13 ceil 0.78 0.78 0.78
13 14 outer 0.3383934218848829 1.0 0.629348513598988
