0 0 ground 0.7196901517289377 0.76345327046249 0.7863395131056113
0 1 inner 0.7335561120830156 0.7658882872273546 0.7843236542833687 8282
0 0 ceil 0.7750136642588609 0.7780301735190471 0.7802639928005878
0 1 outer 0.7728105647973098 0.7771955840635587 0.78039727482231
0 1 next 0.7658329479373635 0.7746954492560931 0.7808846480232973
1 1 ground 0.5692426158222144 0.7841508088840423 0.8233853493121235
1 2 inner 0.6672276273957389 0.76118422052264 0.7964218152467533 1006
1 1 ceil 0.7225249591148987 0.7638868315515563 0.7859031665031774
1 2 outer 0.7351377396906091 0.7662166068324556 0.7841130788152588
1 2 next 0.7078456645547242 0.7619940113270492 0.7882912676707032
2 2 ground 0.5229038718679413 0.8063771752471348 0.8389724329822554
2 3 inner 0.6073947919650351 0.7712007948741395 0.81181632937565 1588
2 2 ceil 0.747606648580246 0.7691734438316725 0.7825993084002814
2 3 outer 0.7300955447670874 0.7652062591765132 0.7847984843119513
2 3 next 0.7442937049063559 0.7683236160598016 0.7829756510293006
3 3 ground 0.3044118567170858 0.9293505707724358 0.8603598651276919
3 4 inner 0.5096783419585423 0.8139833875980673 0.843697906151086 691
3 3 ceil 0.7204218702835945 0.7635620417143287 0.7862257200118341
3 4 outer 0.6873126233183776 0.7607862508888823 0.7921377773956996
3 4 next 0.7139631537096429 0.7626770445773632 0.7872576936194355
4 4 ground 0.25121545014744495 0.9545574256299248 0.8441009394719622
4 5 inner 0.38331820107435544 0.8940115781673463 0.8747156921698481 693
4 4 ceil 0.7467777698955108 0.7689564333620974 0.7826916716696685
4 5 outer 0.6841807252970541 0.7607467242711665 0.7927731339142935
4 5 next 0.7595844605140535 0.7726394060075464 0.7814025196462643
5 5 ground 0.831752055660974 1.0 0.1359898798228969
5 6 inner 0.30044275774826057 1.0 0.6672991777356103 217
5 5 ceil 0.6812964996684284 0.7607437489684359 0.793369155303196
5 6 outer 0.593413997294638 0.7753706458825058 0.8159120133171216
5 6 next 0.6535738707135642 0.7623233366720021 0.7996046192575185
6 6 ground 0.5787476280834913 1.0 0.38899430740037955
6 7 inner 0.6546489563567361 1.0 0.31309297912713474 21
6 6 ceil 0.641998734977862 1.0 0.3257432005060089
6 7 outer 0.4901960784313725 1.0 0.4775458570524984
6 7 next 0.5407969639468686 1.0 0.4269449715370023
7 7 ground 0.932953826691967 1.0 0.03478810879190386
7 8 inner 0.6799493991144844 1.0 0.2877925363693865 49
7 7 ceil 0.43959519291587595 1.0 0.5281467425679949
7 8 outer 0.17394054395951927 1.0 0.7938013915243517
7 8 next 0.4901960784313725 1.0 0.4775458570524984
8 8 ground 0.8823529411764705 1.0 0.08538899430740043
8 9 inner 0.730550284629981 1.0 0.23719165085388993 28
8 8 ceil 0.6672991777356103 1.0 0.30044275774826057
8 9 outer 0.42694497153700184 1.0 0.540796963946869
8 9 next 0.3257432005060088 1.0 0.6419987349778622
9 9 ground 0.8570524984187222 1.0 0.11068943706514867
9 10 inner 0.5913978494623655 1.0 0.3763440860215054 46
9 9 ceil 0.46489563567362424 1.0 0.5028462998102468
9 10 outer 0.21189120809614148 1.0 0.7558507273877295
9 10 next 0.45224541429475007 1.0 0.5154965211891208
10 10 ground 0.844402277039848 1.0 0.12333965844402273
10 11 inner 0.831752055660974 1.0 0.1359898798228969 246
10 10 ceil 0.78 0.78 0.78
10 11 outer 0.5235192694483733 0.8060366901552694 0.8387553996469427
