0 0 ground 0.26249209361163817 1.0 0.7052498418722328
0 1 inner 0.5913978494623655 1.0 0.3763440860215054 24
0 0 ceil 0.6672991777356103 1.0 0.30044275774826057
0 1 outer 0.2751423149905123 1.0 0.6925996204933587
0 1 next 0.3763440860215053 1.0 0.5913978494623656
1 1 ground 0.641998734977862 1.0 0.3257432005060089
1 2 inner 0.7558507273877292 1.0 0.2118912080961417 11
1 1 ceil 0.7685009487666034 1.0 0.19924098671726753
1 2 outer 0.7432005060088547 1.0 0.2245414294750162
1 2 next 0.5913978494623655 1.0 0.3763440860215054
2 2 ground 1.0 0.843137254901961 0.0
2 3 inner 1.0 0.8867102396514164 0.0 78
2 2 ceil 0.78 0.78 0.78
2 3 outer 0.5693211765070956 0.784119094374613 0.823360290842756
