0 0 ground 0.78 0.78 0.78
0 1 inner 0.5695146953923138 0.7840410594904124 0.8232985849978598 5
0 0 ceil 0.36060372046739464 0.9039125105859684 0.8717814379605614
0 1 outer 0.386632692297587 0.8925864245713658 0.8750628156045352
0 1 next 0.39511494816577875 0.8889626125729362 0.8758571801715189
1 1 ground 0.78 0.78 0.78
1 2 inner 0.2691928636976967 0.9459243289116267 0.8501862178833529 4
1 1 ceil 0.5787476280834913 1.0 0.38899430740037955
1 2 outer 0.5787476280834913 1.0 0.38899430740037955
1 2 next 0.5787476280834913 1.0 0.38899430740037955
2 2 ground 0.78 0.78 0.78
2 3 inner 0.21189120809614148 1.0 0.7558507273877295 2
2 2 ceil 0.8697027197975963 1.0 0.0980392156862745
2 3 outer 0.8697027197975963 1.0 0.0980392156862745
2 3 next 0.8697027197975963 1.0 0.0980392156862745
3 3 ground 0.78 0.78 0.78
3 4 inner 0.5787476280834913 1.0 0.38899430740037955 3
3 3 ceil 1.0 0.5816993464052289 0.0
3 4 outer 1.0 0.5816993464052289 0.0
3 4 next 1.0 0.5816993464052289 0.0
4 4 ground 0.78 0.78 0.78
4 5 inner 0.5787476280834913 1.0 0.38899430740037955 2
4 4 ceil 1.0 0.5816993464052289 0.0
4 5 outer 1.0 0.5816993464052289 0.0
4 5 next 1.0 0.5816993464052289 0.0
5 5 ground 0.78 0.78 0.78
5 6 inner 0.5787476280834913 1.0 0.38899430740037955 3
5 5 ceil 1.0 0.5816993464052289 0.0
5 6 outer 1.0 0.5816993464052289 0.0
5 6 next 1.0 0.5816993464052289 0.0
6 6 ground 0.5 0.0 0.0
6 7 inner 1.0 0.20406681190994935 0.0 2
6 6 ceil 0.78 0.78 0.78
6 7 outer 1.0 0.6833696441539581 0.0
