0 0 8.179909090014934
1 0.04135107069387737 11.138271800172221
1 0.04135107069387737 6.954196310386875
2 0.09036675866942709 10.665335917185176
2 0.09036675866942709 6.169925001442312
3 0.13684619299957818 9.31741261376487
3 0.13684619299957818 4.321928094887363
4 0.15407640444074697 7.679480099505446
4 0.15407640444074697 1.584962500721156
5 0.23108031351343816 4.700439718141092
5 0.23108031351343816 2.0
6 0.2816318627922164 5.392317422778761
6 0.2816318627922164 1.0
7 0.45815238050646506 4.169925001442312
7 0.45815238050646506 2.0
8 0.6606724857516605 5.129283016944966
