0 0 ground 0.45058650199769923 0.8545556029480914 0.8661407046496407
0 1 inner 0.48413521331628284 0.8302162808318593 0.8531425843700162 1900
0 0 ceil 0.774834599063678 0.7779615242938291 0.780274449339259
0 1 outer 0.7419805834511488 0.7677579186563002 0.7832496580566215
0 1 next 0.7658041720707617 0.7746855864875146 0.7808868592436241
1 1 ground 0.78 0.78 0.78
1 2 inner 1.0 0.33478576615831535 0.0 4
1 1 ceil 1.0 0.27668845315904156 0.0
1 2 outer 1.0 0.3202614379084969 0.0
1 2 next 1.0 0.6543209876543212 0.0
2 2 ground 1.0 0.5962236746550474 0.0
2 3 inner 1.0 0.8286129266521426 0.0 28
2 2 ceil 0.9582542694497153 0.973856209150327 0.009487666034155628
2 3 outer 0.7811511701454774 1.0 0.18659076533839347
2 3 next 1.0 0.6833696441539581 0.0
3 3 ground 1.0 0.7850399419026872 0.0
3 4 inner 0.6293485135989879 1.0 0.338393421884883 98
3 3 ceil 0.21189120809614148 1.0 0.7558507273877295
3 4 outer 0.3130929791271345 1.0 0.6546489563567364
3 4 next 0.27016178857755857 0.945462276990991 0.850497094104494
4 4 ground 1.0 0.6688453159041396 0.0
4 5 inner 0.9709044908285893 0.9593318809005086 0.0 17
4 4 ceil 0.9203036053130929 1.0 0.04743833017077803
4 5 outer 0.932953826691967 1.0 0.03478810879190386
4 5 next 1.0 0.6252723311546844 0.0
5 5 ground 0.78 0.78 0.78
5 6 inner 0.9076533839342187 1.0 0.06008855154965209 16
5 5 ceil 0.9709044908285893 0.9593318809005086 0.0
5 6 outer 0.9582542694497153 0.973856209150327 0.009487666034155628
5 6 next 0.6799493991144844 1.0 0.2877925363693865
6 6 ground 0.78 0.78 0.78
6 7 inner 1.0 0.7559912854030507 0.0 20
6 6 ceil 1.0 0.6688453159041396 0.0
6 7 outer 1.0 0.5526506899055921 0.0
6 7 next 0.8570524984187222 1.0 0.11068943706514867
7 7 ground 0.78 0.78 0.78
7 8 inner 1.0 0.33478576615831535 0.0 12
7 7 ceil 1.0 0.24763979665940472 0.0
7 8 outer 1.0 0.20406681190994935 0.0
7 8 next 0.6672991777356103 1.0 0.30044275774826057
8 8 ground 0.8950031625553446 1.0 0.07273877292852626
8 9 inner 0.8950031625553446 1.0 0.07273877292852626 326
8 8 ceil 0.78 0.78 0.78
8 9 outer 0.38079407114494845 0.8951002953851572 0.8744374998304578
