0 0 ground 0.78 0.78 0.78
0 1 inner 0.675125673067713 0.7608443809786788 0.7946788138729995 21
0 0 ceil 0.5362596413479948 0.7992586251390389 0.8343207274276703
0 1 outer 0.5961233036048886 0.7745100170576068 0.8151048993480977
0 1 next 0.5641549052076575 0.7862483378166524 0.8250184909279987
1 1 ground 0.78 0.78 0.78
1 2 inner 0.5362596413479948 0.7992586251390389 0.8343207274276703 5
1 1 ceil 0.3193593469963465 0.9224587496743164 0.8639762977666654
1 2 outer 0.3193593469963465 0.9224587496743164 0.8639762977666654
1 2 next 0.3193593469963465 0.9224587496743164 0.8639762977666654
2 2 ground 0.78 0.78 0.78
2 3 inner 0.47149098886721563 0.8389917808116534 0.857965231740323 6
2 2 ceil 0.21189120809614148 1.0 0.7558507273877295
2 3 outer 0.2521736428580158 0.9540944360520066 0.8444404620535506
2 3 next 0.21189120809614148 1.0 0.7558507273877295
3 3 ground 0.78 0.78 0.78
3 4 inner 0.36060372046739464 0.9039125105859684 0.8717814379605614 4
3 3 ceil 0.5787476280834913 1.0 0.38899430740037955
3 4 outer 0.2371916508538899 1.0 0.7305502846299811
3 4 next 0.8697027197975963 1.0 0.0980392156862745
4 4 ground 0.78 0.78 0.78
4 5 inner 0.5787476280834913 1.0 0.38899430740037955 4
4 4 ceil 1.0 0.5816993464052289 0.0
4 5 outer 1.0 0.5816993464052289 0.0
4 5 next 1.0 0.5816993464052289 0.0
5 5 ground 0.78 0.78 0.78
5 6 inner 0.5787476280834913 1.0 0.38899430740037955 2
5 5 ceil 1.0 0.5816993464052289 0.0
5 6 outer 1.0 0.5816993464052289 0.0
5 6 next 1.0 0.5816993464052289 0.0
6 6 ground 0.78 0.78 0.78
6 7 inner 0.5787476280834913 1.0 0.38899430740037955 0
6 6 ceil 1.0 0.5816993464052289 0.0
6 7 outer 1.0 0.5816993464052289 0.0
6 7 next 1.0 0.5816993464052289 0.0
7 7 ground 0.5 0.0 0.0
7 8 inner 1.0 0.20406681190994935 0.0 1
7 7 ceil 0.78 0.78 0.78
7 8 outer 1.0 0.8140885984023241 0.0
