0 0 ground 0.24528340690086425 0.9574307547620999 0.8419610018351381
0 1 inner 0.38899430740037944 1.0 0.5787476280834916 457
0 0 ceil 0.6293485135989879 1.0 0.338393421884883
0 1 outer 0.624520600790333 0.7670203767446587 0.8070420560539209
0 1 next 0.7221319358729233 0.7638247622301748 0.7859629345706568
1 1 ground 0.5772931494134026 0.7810079480413774 0.8208430516875098
1 2 inner 1.0 0.4219317356572261 0.0 47
1 1 ceil 0.9456327985739753 0.029774872912127992 0.0
1 2 outer 0.2751423149905123 1.0 0.6925996204933587
1 2 next 0.1706857429937232 0.9945434882590043 0.8094902521460106
2 2 ground 1.0 0.9012345679012348 0.0
2 3 inner 1.0 0.4364560639070445 0.0 18
2 2 ceil 1.0 0.3783587509077707 0.0
2 3 outer 0.844402277039848 1.0 0.12333965844402273
2 3 next 1.0 0.4219317356572261 0.0
3 3 ground 1.0 0.34931009440813376 0.0
3 4 inner 1.0 0.3638344226579523 0.0 187
3 3 ceil 0.78 0.78 0.78
3 4 outer 0.30044275774826057 1.0 0.6672991777356103
