0 0 3.807354922057604 ground
1 0.0993012280255685 3.169925001442312 inner
1 0.0993012280255685 5.087462841250339 outer
1 0.0993012280255685 3.0 ground
2 0.2125191975503699 2.807354922057604 inner
2 0.2125191975503699 6.442943495848728 outer
2 0.2125191975503699 2.0 ground
3 0.40977732360188146 1.584962500721156 inner
3 0.40977732360188146 3.321928094887362 outer
3 0.40977732360188146 1.584962500721156 ground
4 0.6106085016511792 1.584962500721156 inner
4 0.6106085016511792 4.700439718141093 outer
4 0.6106085016511792 1.584962500721156 ground
5 0.8114396797004769 1.584962500721156 inner
5 0.8114396797004769 2.584962500721156 outer
5 0.8114396797004769 1.584962500721156 ground
6 1.1083804920914144 1.0 inner
6 1.1083804920914144 4.523561956057013 outer
