0 0 4.523561956057013 ground
1 0.08721106586511969 3.584962500721156 inner
1 0.08721106586511969 6.442943495848728 outer
1 0.08721106586511969 2.807354922057604 ground
2 0.20059533505132246 2.807354922057604 inner
2 0.20059533505132246 5.930737337562887 outer
2 0.20059533505132246 2.584962500721156 ground
3 0.3371592102814999 2.321928094887362 inner
3 0.3371592102814999 4.643856189774724 outer
3 0.3371592102814999 1.584962500721156 ground
4 0.5379903883307977 1.584962500721156 inner
4 0.5379903883307977 3.807354922057604 outer
4 0.5379903883307977 1.584962500721156 ground
5 0.7388215663800954 1.584962500721156 inner
5 0.7388215663800954 4.247927513443585 outer
5 0.7388215663800954 1.584962500721156 ground
6 0.9396527444293932 1.584962500721156 inner
6 0.9396527444293932 4.087462841250339 outer
6 0.9396527444293932 1.584962500721156 ground
7 1.2365935568203308 1.0 inner
7 1.2365935568203308 3.700439718141092 outer
