0 0 ground 0.78 0.78 0.78
0 1 inner 0.5227353523645313 0.8064706224988375 0.8390319098187344 2
0 0 ceil 0.3763440860215053 1.0 0.5913978494623656
0 1 outer 0.3321397976623537 0.9166364596500083 0.8667362819576103
0 1 next 0.4244175515106938 0.8758603598017284 0.8767113570504048
1 1 ground 0.78 0.78 0.78
1 2 inner 0.3763440860215053 1.0 0.5913978494623656 6
1 1 ceil 1.0 0.5816993464052289 0.0
1 2 outer 0.9076533839342187 1.0 0.06008855154965209
1 2 next 1.0 0.5816993464052289 0.0
2 2 ground 0.78 0.78 0.78
2 3 inner 0.5787476280834913 1.0 0.38899430740037955 1
2 2 ceil 1.0 0.5816993464052289 0.0
2 3 outer 1.0 0.5816993464052289 0.0
2 3 next 1.0 0.5816993464052289 0.0
3 3 ground 0.5 0.0 0.0
3 4 inner 1.0 0.20406681190994935 0.0 4
3 3 ceil 0.78 0.78 0.78
3 4 outer 1.0 0.6397966594045028 0.0
