0 0 ground 0.577508587026449 0.7809268236766754 0.8207757346745722
0 1 inner 0.6008148695157107 0.7730793193953376 0.8137223957373996 1900
0 0 ceil 0.7772656421785018 0.7789058719508624 0.7801382311743192
0 1 outer 0.7595715875778051 0.7726353470180435 0.781403663760168
0 1 next 0.7724547843264122 0.7770628489944351 0.7804197393333556
1 1 ground 0.78 0.78 0.78
1 2 inner 1.0 0.5090777051561368 0.0 4
1 1 ceil 1.0 0.4364560639070445 0.0
1 2 outer 1.0 0.4945533769063183 0.0
1 2 next 1.0 0.9157588961510532 0.0
2 2 ground 1.0 0.8286129266521426 0.0
2 3 inner 0.831752055660974 1.0 0.1359898798228969 28
2 2 ceil 0.6925996204933585 1.0 0.27514231499051234
2 3 outer 0.4901960784313725 1.0 0.4775458570524984
2 3 next 0.9962049335863377 0.9302832244008717 0.0
3 3 ground 0.8823529411764705 1.0 0.08538899430740043
3 4 inner 0.3257432005060088 1.0 0.6419987349778622 98
3 3 ceil 0.3203631426360226 0.9219990831880734 0.8642041557253293
3 4 outer 0.26737867275011207 0.9467903656141557 0.8495994340390196
3 4 next 0.4421236978054106 0.8612256980561992 0.869519330393089
4 4 ground 1.0 0.9157588961510532 0.0
4 5 inner 0.7052498418722326 1.0 0.26249209361163817 17
4 4 ceil 0.6546489563567361 1.0 0.31309297912713474
4 5 outer 0.6546489563567361 1.0 0.31309297912713474
4 5 next 1.0 0.8576615831517794 0.0
5 5 ground 0.78 0.78 0.78
5 6 inner 0.6293485135989879 1.0 0.338393421884883 16
5 5 ceil 0.7052498418722326 1.0 0.26249209361163817
5 6 outer 0.6925996204933585 1.0 0.27514231499051234
5 6 next 0.3763440860215053 1.0 0.5913978494623656
6 6 ground 0.78 0.78 0.78
6 7 inner 0.9203036053130929 1.0 0.04743833017077803 20
6 6 ceil 0.9962049335863377 0.9302832244008717 0.0
6 7 outer 1.0 0.7850399419026872 0.0
6 7 next 0.5787476280834913 1.0 0.38899430740037955
7 7 ground 0.78 0.78 0.78
7 8 inner 1.0 0.5090777051561368 0.0 12
7 7 ceil 1.0 0.40740740740740755 0.0
7 8 outer 1.0 0.34931009440813376 0.0
7 8 next 0.3636938646426312 1.0 0.6040480708412397
8 8 ground 0.6166982922201137 1.0 0.35104364326375714
8 9 inner 0.6166982922201137 1.0 0.35104364326375714 326
8 8 ceil 0.78 0.78 0.78
8 9 outer 0.5271167715017927 0.8040703296686053 0.8374918223195332
