0 0 ground 0.32237979730205935 0.9210768148664074 0.8646562187702022
0 1 inner 0.5845255245669485 0.7783699836055843 0.8186039697331664 567
0 0 ceil 0.7219165002299064 0.7637910069287167 0.7859957962487301
0 1 outer 0.7292917264508092 0.7650549508545927 0.7849115165409946
0 1 next 0.7121096652445036 0.762454225330663 0.787565165932961
1 1 ground 0.4175145339767077 0.8795591355756855 0.8773056435993333
1 2 inner 0.5234148516827846 0.8060943774905444 0.8387922067471676 142
1 1 ceil 0.5491328798916681 0.7929395158491086 0.829956397881922
1 2 outer 0.627155905126648 0.7664690157182076 0.8063321774381678
1 2 next 0.6480724257751086 0.7629774075974438 0.8009454093832528
2 2 ground 0.4729727897151359 0.8379383023781241 0.8573951850368078
2 3 inner 0.4897557165666514 0.8264718132314092 0.8510295880870361 1487
2 2 ceil 0.7688094560750437 0.7757354490621312 0.780664777982934
2 3 outer 0.7502385356636572 0.7698819877053401 0.7823140691387909
2 3 next 0.7120535998598814 0.7624477008647493 0.7875745440618354
3 3 ground 0.78 0.78 0.78
3 4 inner 0.8921568627450983 0.0 0.0 10
3 3 ceil 0.7139037433155082 0.0 0.0
3 4 outer 1.0 0.8286129266521426 0.0
3 4 next 1.0 0.6107480029048659 0.0
4 4 ground 1.0 0.4364560639070445 0.0
4 5 inner 1.0 0.46550472040668145 0.0 131
4 4 ceil 0.78 0.78 0.78
4 5 outer 0.47272243861180696 0.8381158226865578 0.8574914049408935
