0 0 ground 0.7799383772978072 0.7799749683016298 0.7800029385141924
0 1 inner 0.7799493868099475 0.7799794391974623 0.7800024129177004 500810
0 0 ceil 0.7799795058614011 0.7799916731784585 0.780000976364866
0 1 outer 0.7799755500065807 0.7799900661244199 0.7800011649308701
0 1 next 0.779966105316381 0.7799862295355224 0.7800016152729822
1 1 ground 0.7798545782983929 0.7799409561078559 0.7800069476703829
1 2 inner 0.7798866010983029 0.7799539496960265 0.7800054138295759 228370
1 1 ceil 0.779962290482862 0.7799846800022994 0.7800017972266406
1 2 outer 0.7799528906147718 0.779980862186927 0.7800022457001897
1 2 next 0.7799368771117837 0.779974359127907 0.7800030101536543
2 2 ground 0.7796905176061103 0.7798744599048982 0.7800148406065933
2 3 inner 0.7797622483598695 0.7799035183722052 0.7800113825102241 108291
2 2 ceil 0.7799299272090244 0.7799715371460423 0.780003342100743
2 3 outer 0.7799082258345138 0.7799627267987508 0.7800043792910518
2 3 next 0.7798830752130962 0.7799525188024834 0.7800055826054256
3 3 ground 0.7793541544493138 0.7797385095985355 0.7800312042927421
3 4 inner 0.7795107788905334 0.7798017496459032 0.780023554392702 48917
3 3 ceil 0.7798527698663267 0.7799402224566426 0.7800070343573839
3 4 outer 0.7798044149711819 0.7799206111851179 0.7800093548605099
3 4 next 0.7797618084583491 0.7799033400947198 0.7800114036838077
4 4 ground 0.7787091800737311 0.7794792632634285 0.7800632615436114
4 5 inner 0.779032988648323 0.7796091814616802 0.7800470556815501 24215
4 4 ceil 0.7797134895356033 0.7798837633956061 0.780013731936549
4 5 outer 0.7795993654814481 0.7798375675003659 0.7800192509930186
4 5 next 0.7795531838141817 0.7798188906047943 0.7800214923188388
5 5 ground 0.7774687278462596 0.7789859696201105 0.7801274159651489
5 6 inner 0.7781378717618566 0.7792512034532662 0.7800924012655752 12180
5 5 ceil 0.7794669768445954 0.7797840525219013 0.7800256884698802
5 6 outer 0.7792238223100503 0.7796859705243195 0.7800376102255921
5 6 next 0.7791877180180182 0.7796714299262264 0.78003939123736
6 6 ground 0.7751231251692315 0.7780722092741924 0.7802576337869661
6 7 inner 0.7764873612908626 0.7786006424196306 0.7801804866496583 5988
6 6 ceil 0.778969611046818 0.7795837156929156 0.7800502098918091
6 7 outer 0.7786063569635461 0.7794381082034709 0.7800684545784612
6 7 next 0.77846397581694 0.7793811991862652 0.7800756828145654
7 7 ground 0.7712819747940134 0.776629309665013 0.7804956295226346
7 8 inner 0.7737632629726341 0.777553813808436 0.7803384045325172 3061
7 7 ceil 0.7778175631224877 0.7791239871665033 0.7801090433758491
7 8 outer 0.7772466920806697 0.7788984074878087 0.7801392448127363
7 8 next 0.7770751866072142 0.7788309251839995 0.780148453227948
8 8 ground 0.7657563589258419 0.7746692068944123 0.7808905369439044
8 9 inner 0.7692428414558935 0.7758901564630641 0.7806342379327013 2245
8 8 ceil 0.777589357250177 0.7790336346272276 0.780121033358521
8 9 outer 0.776211478010226 0.778493102393167 0.7801957722975499
8 9 next 0.7761815854245878 0.7784814708206025 0.7801974381586042
9 9 ground 0.7505110356303076 0.7699570456824932 0.7822852395464818
9 10 inner 0.7595063735024506 0.7726147953719869 0.781409464635567 930
9 9 ceil 0.7743377618070135 0.7777718047680869 0.7803038122103934
9 10 outer 0.7721857208484585 0.7769628430840712 0.7804369010403068
9 10 next 0.7715371557309293 0.7767231156773485 0.7804788779627888
10 10 ground 0.7235726871654865 0.7640553859239542 0.7857449886841256
10 11 inner 0.7433203281156859 0.7680828023706516 0.7830898378850817 435
10 10 ceil 0.7661271017356702 0.77479647892315 0.780862137876711
10 11 outer 0.762755444719052 0.7736613575278842 0.7811302993516579
10 11 next 0.7646870435295354 0.7743055254020523 0.7809739584788362
11 11 ground 0.7033319502345576 0.761585967762439 0.789087861681109
11 12 inner 0.7296187239500315 0.7651161810646578 0.7848654107564482 347
11 11 ceil 0.7624992049040327 0.7735771378733722 0.7811515816478691
11 12 outer 0.7553086778662939 0.7713309176731084 0.7817996223842472
11 12 next 0.7606682216255163 0.7729837271915645 0.7813073239206405
12 12 ground 0.6664691178514968 0.7612292407617547 0.7965930660440876
12 13 inner 0.7087330921618514 0.7620837903383035 0.7881380158532881 201
12 12 ceil 0.7481967097441603 0.7693297177803969 0.7825342926556583
12 13 outer 0.7409454908777507 0.7675121127455058 0.7833752279410665
12 13 next 0.7496731818875949 0.7697272823023745 0.7823743044573034
13 13 ground 0.6816174979167708 0.7607424995683971 0.7933023087806375
13 14 inner 0.7049023155014317 0.7617187347427481 0.7888074958263572 282
13 13 ceil 0.7587670832665299 0.7723831132414091 0.7814757867324023
13 14 outer 0.7493008237414257 0.7696261379032379 0.7824142880380819
13 14 next 0.7409576786465504 0.7675149806653151 0.7833737388477433
14 14 ground 0.6070418468661737 0.7712977479131825 0.8119175819564283
14 15 inner 0.6495752285056077 0.7627877023815525 0.8005759088972232 159
14 14 ceil 0.7338974014868804 0.7659582499722516 0.7842778711429887
14 15 outer 0.7190534725596892 0.7633604008617054 0.7864391808667844
14 15 next 0.7190928970317765 0.7633661036297201 0.7864329915832304
15 15 ground 0.5065252214307896 0.8158778299334658 0.8448414809660938
15 16 inner 0.5270193264529299 0.8041230501728243 0.8375259320447757 124
15 15 ceil 0.7747679158799402 0.7779359964791762 0.7802783604088209
15 16 outer 0.7171028010850724 0.7630861223948675 0.7867483155476114
15 16 next 0.7350040756424355 0.7661884563081793 0.7841307168553583
16 16 ground 0.8921568627450983 0.0 0.0
16 17 inner 1.0 0.1750181554103124 0.0 8
16 16 ceil 0.78 0.78 0.78
16 17 outer 0.16573922070966385 0.997065194725497 0.8069747731104364
