0 0 4.087462841250339 ground
1 0.09828686485851536 3.169925001442312 inner
1 0.09828686485851536 6.807354922057604 outer
1 0.09828686485851536 2.584962500721156 ground
2 0.23485074008869283 2.321928094887362 inner
2 0.23485074008869283 4.392317422778761 outer
2 0.23485074008869283 2.0 ground
3 0.39400568318058815 2.0 inner
3 0.39400568318058815 5.321928094887363 outer
3 0.39400568318058815 1.584962500721156 ground
4 0.5948368612298859 1.584962500721156 inner
4 0.5948368612298859 3.584962500721156 outer
4 0.5948368612298859 1.584962500721156 ground
5 0.7956680392791836 1.584962500721156 inner
5 0.7956680392791836 5.0 outer
5 0.7956680392791836 1.584962500721156 ground
6 1.0926088516701211 1.0 inner
6 1.0926088516701211 4.459431618637297 outer
