0 0 ground 0.721817486960979 0.7637755567685351 0.7860109230092769
0 1 inner 0.2371916508538899 1.0 0.7305502846299811 28
0 0 ceil 0.38899430740037944 1.0 0.5787476280834916
0 1 outer 0.2602519758761316 0.9502037308573309 0.8472349937109996
0 1 next 0.5717277050106708 0.7831575512126752 0.8225950494082297
1 1 ground 0.9076533839342187 1.0 0.06008855154965209
1 2 inner 0.5534471853257431 1.0 0.4142947501581278 97
1 1 ceil 0.6933965830337608 0.7609716932469816 0.7909394848781849
1 2 outer 0.6571297685427011 0.7619599233798174 0.7987555635020516
1 2 next 0.5369325071341113 0.7989150871431003 0.8340896654429923
2 2 ground 1.0 0.2331154684095862 0.0
2 3 inner 1.0 0.46550472040668145 0.0 47
2 2 ceil 0.2991114384379796 0.9318152345441533 0.8589769741876742
2 3 outer 0.39353455011171823 0.88963522672727 0.8757194182309891
2 3 next 0.4124189817012296 0.8816766411156121 0.8770588507534979
3 3 ground 1.0 0.4945533769063183 0.0
3 4 inner 1.0 0.5381263616557737 0.0 79
3 3 ceil 0.78 0.78 0.78
3 4 outer 0.49507407921972013 0.8230178893258724 0.8490479948980993
