0 0 5.044394119358453 ground
1 0.096288913874339 5.857980995127572 inner
1 0.096288913874339 9.46352437327118 outer
1 0.096288913874339 2.584962500721156 ground
2 0.23519940603932604 5.129283016944966 inner
2 0.23519940603932604 7.247927513443585 outer
2 0.23519940603932604 2.0 ground
3 0.38805062291078535 4.754887502163468 inner
3 0.38805062291078535 5.882643049361842 outer
3 0.38805062291078535 2.321928094887362 ground
4 0.5386184302108599 4.906890595608519 inner
4 0.5386184302108599 6.965784284662087 outer
4 0.5386184302108599 1.584962500721156 ground
5 0.7687758379960283 4.954196310386875 inner
5 0.7687758379960283 8.375039431346925 outer
