0 0 ground 0.21189120809614148 1.0 0.7558507273877295
0 1 inner 1.0 0.7995642701525056 0.0 30
0 0 ceil 1.0 0.6688453159041396 0.0
0 1 outer 0.3257432005060088 1.0 0.6419987349778622
0 1 next 0.5787476280834913 1.0 0.38899430740037955
1 1 ground 0.8030303030303032 0.0 0.0
1 2 inner 1.0 0.5090777051561368 0.0 9
1 1 ceil 1.0 0.6252723311546844 0.0
1 2 outer 0.9962049335863377 0.9302832244008717 0.0
1 2 next 1.0 0.7559912854030507 0.0
2 2 ground 1.0 0.5816993464052289 0.0
2 3 inner 1.0 0.5962236746550474 0.0 12
2 2 ceil 1.0 0.6107480029048659 0.0
2 3 outer 0.8823529411764705 1.0 0.08538899430740043
2 3 next 0.8697027197975963 1.0 0.0980392156862745
3 3 ground 0.78 0.78 0.78
3 4 inner 1.0 0.5816993464052289 0.0 6
3 3 ceil 1.0 0.46550472040668145 0.0
3 4 outer 1.0 0.5962236746550474 0.0
3 4 next 0.8697027197975963 1.0 0.0980392156862745
4 4 ground 0.5 0.0 0.0
4 5 inner 1.0 0.5090777051561368 0.0 4
4 4 ceil 1.0 0.4945533769063183 0.0
4 5 outer 1.0 0.48002904865649987 0.0
4 5 next 1.0 0.6252723311546844 0.0
5 5 ground 1.0 0.3783587509077707 0.0
5 6 inner 1.0 0.4219317356572261 0.0 83
5 5 ceil 0.78 0.78 0.78
5 6 outer 0.5544093781319409 0.7905049173136113 0.8282025591362637
