0 0 11.653292945382814
1 0.02730218915485632 13.7918751044647
1 0.02730218915485632 9.665335917185176
2 0.057963315810646204 11.979782430703086
2 0.057963315810646204 7.906890595608519
3 0.09428383229146184 10.5401280385821
3 0.09428383229146184 6.918863237274595
4 0.1357318599739659 9.60177078840771
4 0.1357318599739659 6.285402218862249
5 0.1782177991712492 8.703903573444663
5 0.1782177991712492 5.20945336562895
6 0.22691635551495495 7.658211482751795
6 0.22691635551495495 4.857980995127572
7 0.29161702338889905 7.392317422778761
7 0.29161702338889905 4.459431618637297
8 0.3448718949268968 6.94251450533924
8 0.3448718949268968 3.169925001442312
9 0.3683829193753505 5.954196310386875
9 0.3683829193753505 1.584962500721156
10 0.5220796910992385 4.247927513443585
10 0.5220796910992385 2.0
11 0.6502890584908284 5.247927513443585
11 0.6502890584908284 2.0
12 0.6744432736999099 5.044394119358453
12 0.6744432736999099 1.0
13 0.8707730891291141 3.584962500721156
13 0.8707730891291141 1.584962500721156
14 1.112492638737125 4.321928094887363
