0 0 ground 0.23256093791546306 0.9636334422605722 0.837151051510902
0 1 inner 0.25246460280459293 0.9539539097253891 0.844543221748789 737
0 0 ceil 0.7146806978727507 0.7627670236579933 0.78714000343083
0 1 outer 0.7056446832659821 0.7617849101135811 0.788676149600802
0 1 next 0.6114519780990253 0.7701174518478735 0.8106605623531016
1 1 ground 1.0 0.20406681190994935 0.0
1 2 inner 1.0 0.5962236746550474 0.0 12
1 1 ceil 1.0 0.6107480029048659 0.0
1 2 outer 1.0 0.6252723311546844 0.0
1 2 next 1.0 0.6107480029048659 0.0
2 2 ground 1.0 0.4509803921568629 0.0
2 3 inner 1.0 0.48002904865649987 0.0 148
2 2 ceil 0.78 0.78 0.78
2 3 outer 0.5303055240246775 0.802361816811406 0.836379238287347
