0 0 4.459431618637297 ground
1 0.1007562078166147 3.0 inner
1 0.1007562078166147 6.0 outer
1 0.1007562078166147 2.321928094887362 ground
2 0.2378448139989832 2.321928094887362 inner
2 0.2378448139989832 5.392317422778761 outer
2 0.2378448139989832 2.0 ground
3 0.43510294005049477 1.584962500721156 inner
3 0.43510294005049477 2.584962500721156 outer
3 0.43510294005049477 1.584962500721156 ground
4 0.6359341180997925 1.584962500721156 inner
4 0.6359341180997925 5.169925001442312 outer
4 0.6359341180997925 1.584962500721156 ground
5 0.93287493049073 1.0 inner
5 0.93287493049073 3.700439718141092 outer
