0 0 ground 0.2877925363693864 1.0 0.6799493991144845
0 1 inner 0.3177762301956726 0.9231845179080143 0.8636130972440734 239
0 0 ceil 0.55068687003616 0.7922130585491547 0.8294377229241181
0 1 outer 0.6861697241347734 0.760767437202813 0.7923681928597602
0 1 next 0.4938074119641076 0.8238326082167605 0.8495183617405964
1 1 ground 0.6925996204933585 1.0 0.27514231499051234
1 2 inner 0.26249209361163817 1.0 0.7052498418722328 322
1 1 ceil 0.7429115942320282 0.7679828797110516 0.7831382712659788
1 2 outer 0.6610804686963445 0.7616111347264971 0.7978287282348195
1 2 next 0.6995436571876991 0.761305895890586 0.7897781649300551
2 2 ground 1.0 0.5236020334059556 0.0
2 3 inner 1.0 0.5526506899055921 0.0 181
2 2 ceil 0.78 0.78 0.78
2 3 outer 0.5488566498258509 0.7930694708911802 0.8300487817913369
