0 0 13.61194694181998
1 0.023104993472470303 15.830044729293597
1 0.023104993472470303 12.329796338220701
2 0.048199642837756684 14.925415355884095
2 0.048199642837756684 11.491352073563435
3 0.07435300524829716 14.106153955313614
3 0.07435300524829716 10.642051692927977
4 0.1019076108455966 13.43449792053815
4 0.1019076108455966 10.134426320220927
5 0.13032823095299179 12.833087738422009
5 0.13032823095299179 9.663558104217273
6 0.1597724578969856 12.47040467706564
6 0.1597724578969856 9.370687406807217
7 0.1926487199253417 12.181462881270015
7 0.1926487199253417 9.139551352398794
8 0.2277670816268222 12.081483438093674
8 0.2277670816268222 8.581200581924957
9 0.2580833559292067 11.352043425795433
9 0.2580833559292067 6.832890014164741
10 0.302091754327661 9.014020470314934
10 0.302091754327661 6.285402218862249
11 0.3488507281436093 8.531381460516313
11 0.3488507281436093 5.459431618637297
12 0.40076790047241684 8.055282435501189
12 0.40076790047241684 5.285402218862249
13 0.4534779966377438 7.741466986401147
13 0.4534779966377438 4.700439718141092
14 0.5225985065787906 7.2761244052742375
14 0.5225985065787906 4.523561956057013
15 0.5326062895793723 6.6865005271832185
15 0.5326062895793723 1.0
16 0.656969290646009 3.321928094887362
16 0.656969290646009 2.0
17 0.7339232030668643 4.392317422778761
17 0.7339232030668643 2.321928094887362
18 0.8613452840671255 4.754887502163468
18 0.8613452840671255 3.169925001442312
19 0.9204812349588998 6.882643049361842
19 0.9204812349588998 2.321928094887362
20 0.9598964635985668 4.700439718141092
20 0.9598964635985668 1.0
21 1.0220779641318851 3.321928094887362
21 1.0220779641318851 1.0
22 1.120633310715767 3.321928094887362
22 1.120633310715767 1.584962500721156
23 1.2069156557691212 4.087462841250339
23 1.2069156557691212 2.0
24 1.3603413708023555 4.247927513443585
24 1.3603413708023555 2.807354922057604
25 1.545395302398692 4.087462841250339
