0 0 ground 0.78 0.78 0.78
0 1 inner 0.6019824387038828 0.7727350519430731 0.8133813518329853 6
0 0 ceil 0.3193593469963465 0.9224587496743164 0.8639762977666654
0 1 outer 0.4244175515106938 0.8758603598017284 0.8767113570504048
0 1 next 0.45723537622833477 0.8494638846315549 0.8635137617947299
1 1 ground 0.78 0.78 0.78
1 2 inner 0.3193593469963465 0.9224587496743164 0.8639762977666654 5
1 1 ceil 0.5787476280834913 1.0 0.38899430740037955
1 2 outer 0.4016445287792536 1.0 0.5660974067046174
1 2 next 0.641998734977862 1.0 0.3257432005060089
2 2 ground 0.78 0.78 0.78
2 3 inner 0.21189120809614148 1.0 0.7558507273877295 3
2 2 ceil 0.8697027197975963 1.0 0.0980392156862745
2 3 outer 0.8950031625553446 1.0 0.07273877292852626
2 3 next 0.8697027197975963 1.0 0.0980392156862745
3 3 ground 0.78 0.78 0.78
3 4 inner 0.5787476280834913 1.0 0.38899430740037955 1
3 3 ceil 1.0 0.5816993464052289 0.0
3 4 outer 1.0 0.4945533769063183 0.0
3 4 next 1.0 0.5816993464052289 0.0
4 4 ground 0.5 0.0 0.0
4 5 inner 1.0 0.5816993464052289 0.0 3
4 4 ceil 0.78 0.78 0.78
4 5 outer 1.0 0.5816993464052289 0.0
