0 0 10.943247395901553
1 0.027933777520475128 13.371640534611808
1 0.027933777520475128 9.377210530388552
2 0.061897225226362665 12.205487820150566
2 0.061897225226362665 8.63662462054365
3 0.09507694804459196 11.743572188935634
3 0.09507694804459196 7.592457037268081
4 0.13092689432035434 10.530406337099068
4 0.13092689432035434 6.794415866350106
5 0.17117026135332686 9.899356922923111
5 0.17117026135332686 6.507794640198696
6 0.22026916897464702 9.467605550082997
6 0.22026916897464702 5.807354922057604
7 0.25330581868739704 9.467605550082997
7 0.25330581868739704 4.754887502163468
8 0.30217832525204363 7.800899899920305
8 0.30217832525204363 4.700439718141092
9 0.35028458896652404 7.584962500721156
9 0.35028458896652404 4.584962500721156
10 0.4121061761657353 7.614709844115208
10 0.4121061761657353 4.169925001442312
11 0.4625228328926361 7.658211482751795
11 0.4625228328926361 3.584962500721156
12 0.5490601736583762 6.882643049361842
12 0.5490601736583762 4.459431618637297
13 0.6462825418646974 7.20945336562895
