0 0 ground 0.7779918514502456 0.7791931512297127 0.7800999608598217
0 1 inner 0.7785987139806196 0.7794350510065836 0.7800688414871508 79263
0 0 ceil 0.7795101977319555 0.779801514786198 0.7800235826802687
0 1 outer 0.7795433242096246 0.7798149044167454 0.7800219714279735
0 1 next 0.7792046828807971 0.7796782615967517 0.7800385540180469
1 1 ground 0.7756950957890337 0.7782927385695889 0.7802248134630357
1 2 inner 0.7772253919317278 0.7788900192764967 0.7801403850637718 37937
1 1 ceil 0.7791349442270339 0.7796501865264347 0.7800419995861967
1 2 outer 0.7790686045290037 0.779623500291166 0.7800452869133522
1 2 next 0.7785632916305475 0.7794208855094182 0.7800706362948703
2 2 ground 0.7719475955755821 0.7768746067602541 0.7804522131948834
2 3 inner 0.7751435766408781 0.7780800691397906 0.7802564484565113 20167
2 2 ceil 0.7785748461043948 0.7794255055504103 0.7800700505486965
2 3 outer 0.7782715545633716 0.7793044354761269 0.7800855202626102
2 3 next 0.7778023881695757 0.7791179716949274 0.7801098372333157
3 3 ground 0.7662788398800101 0.7748487443841864 0.7808505927491048
3 4 inner 0.7722802995955416 0.7769979592928961 0.7804308515872131 10190
3 3 ceil 0.7772970642860972 0.7789182527318762 0.7801365520874692
3 4 outer 0.7767750931520342 0.778713167320915 0.7801647155295522
3 4 next 0.7760835947283227 0.7784433697195242 0.7802029121925191
4 4 ground 0.759722471724256 0.7726829680798183 0.7813902732539159
4 5 inner 0.7691665224515152 0.7758628519053813 0.7806395886579196 5923
4 4 ceil 0.7752104589545286 0.7781057863635514 0.7802525781831346
4 5 outer 0.7739116967398683 0.7776099942030464 0.7803294012884814
4 5 next 0.7744871103983524 0.777828717441465 0.7802949317478922
5 5 ground 0.7532538177758085 0.7707303163053304 0.7820024967385478
5 6 inner 0.7658614138713857 0.7747052094001051 0.7808824622216446 4121
5 5 ceil 0.7735466483007205 0.7774720053677011 0.7803516251603888
5 6 outer 0.772154167987858 0.7769511367119798 0.7804389233060313
5 6 next 0.7735444460583526 0.7774711747331976 0.7803517600682323
6 6 ground 0.7489706713141784 0.7695369550730651 0.782449945578821
6 7 inner 0.7627213596261677 0.7736501379639856 0.7811331230300611 3531
6 6 ceil 0.7719441300934763 0.7768733245143772 0.7804524368926867
6 7 outer 0.7708628422926663 0.7764758657115475 0.7805234316486983
6 7 next 0.7716927916498424 0.7767804713236162 0.7804687263500854
7 7 ground 0.7487604923639536 0.7694804235149295 0.7824727462679196
7 8 inner 0.7590151395774442 0.7724605842671385 0.7814534186142995 5236
7 7 ceil 0.774631380724087 0.77788379021244 0.7802863973226415
7 8 outer 0.7722198135240728 0.7769754967596598 0.7804347182880198
7 8 next 0.7716332599167892 0.7767585196266563 0.7804726035651128
8 8 ground 0.7345885080799338 0.766101411884736 0.7841857407568716
8 9 inner 0.7422649475534799 0.767826240590994 0.7832154797577127 4428
8 8 ceil 0.777618758435987 0.77904526207522 0.7801194824012747
8 9 outer 0.772057139763514 0.7769151663704724 0.7804451547582124
8 9 next 0.7701530996505059 0.7762178186197379 0.7805713241987011
9 9 ground 0.5550450185047957 0.7902177720627864 0.8279926835264269
9 10 inner 0.639842359485274 0.7641625354562006 0.8030113732729431 541
9 9 ceil 0.7312291427228579 0.7654241954021521 0.7846408261202327
9 10 outer 0.7268537446685652 0.7646123698164703 0.785260580978022
9 10 next 0.7071781454937218 0.7619285532675967 0.7884072762728991
10 10 ground 0.4661929923468757 0.8428124888331694 0.8600137634829972
10 11 inner 0.5885274999275576 0.776986289601789 0.8173836567233019 351
10 10 ceil 0.7055247045645978 0.7617740665420507 0.7886973252182239
10 11 outer 0.7024241772154048 0.7615136824905987 0.789251485660511
10 11 next 0.6682615740015765 0.7611263359004978 0.7961894556777189
11 11 ground 0.38083424356692785 0.8950829451484494 0.8744420210925329
11 12 inner 0.5151653309853832 0.8107609194575873 0.8417233344910877 218
11 11 ceil 0.6468424660433886 0.7631388249399342 0.8012496216585433
11 12 outer 0.6674438603557818 0.7611717823771711 0.7963731181146695
11 12 next 0.6537334775506594 0.762306023360645 0.7995662111152078
12 12 ground 0.2994191197673426 0.931671870949069 0.8590586864478094
12 13 inner 0.45865806300107226 0.8483914660090969 0.8629548551092977 200
12 12 ceil 0.643086037613224 0.7636660081114969 0.8021886404602555
12 13 outer 0.6573254466824695 0.7619412835029115 0.7987092465900484
12 13 next 0.6316760103394549 0.765580983379442 0.8051304774308462
13 13 ground 0.19924098671726753 1.0 0.7685009487666035
13 14 inner 0.35570370122845696 0.9060783381097155 0.8710213444070561 150
13 13 ceil 0.5964784413130116 0.7743990704221214 0.8149995741080357
13 14 outer 0.6153268446292794 0.7691364882515106 0.8095708906513479
13 14 next 0.5558151631764614 0.7898716392759959 0.8277388045131284
14 14 ground 0.2371916508538899 1.0 0.7305502846299811
14 15 inner 0.17394054395951927 1.0 0.7938013915243517 208
14 14 ceil 0.7733975950186004 0.7774158350818026 0.7803607786881436
14 15 outer 0.6667021290531249 0.7612151807144845 0.7965403874427656
14 15 next 0.7075816183154733 0.7619679058278308 0.7883370813354826
15 15 ground 0.78 0.78 0.78
15 16 inner 0.6247771836007131 0.0 0.0 2
15 15 ceil 0.5 0.0 0.0
15 16 outer 0.5 0.0 0.0
15 16 next 0.5 0.0 0.0
16 16 ground 1.0 0.7995642701525056 0.0
16 17 inner 1.0 0.6397966594045028 0.0 6
16 16 ceil 1.0 0.5816993464052289 0.0
16 17 outer 1.0 0.6397966594045028 0.0
16 17 next 1.0 0.5816993464052289 0.0
17 17 ground 0.78 0.78 0.78
17 18 inner 1.0 0.9012345679012348 0.0 7
17 17 ceil 1.0 0.7705156136528688 0.0
17 18 outer 1.0 0.9157588961510532 0.0
17 18 next 0.1865907653383934 1.0 0.7811511701454776
18 18 ground 0.3763440860215053 1.0 0.5913978494623656
18 19 inner 0.16729449992777612 0.996271546798734 0.8077705206694207 160
18 18 ceil 0.6990144531124367 0.7612712833213074 0.7898761522410644
18 19 outer 0.6404080129385608 0.7640731999910083 0.8028671137332588
18 19 next 0.6345112143364595 0.7650613122800571 0.8043871052643456
19 19 ground 1.0 0.2331154684095862 0.0
19 20 inner 1.0 0.6688453159041396 0.0 42
19 19 ceil 0.5982935632359752 0.7738387823040417 0.8144629710359303
19 20 outer 0.27520016619057663 0.9430650590698565 0.852085414776602
19 20 next 0.17394054395951927 1.0 0.7938013915243517
20 20 ground 0.78 0.78 0.78
20 21 inner 0.6247771836007131 0.0 0.0 2
20 20 ceil 0.5 0.0 0.0
20 21 outer 0.5 0.0 0.0
20 21 next 0.5 0.0 0.0
21 21 ground 0.78 0.78 0.78
21 22 inner 0.6247771836007131 0.0 0.0 1
21 21 ceil 0.5 0.0 0.0
21 22 outer 0.5 0.0 0.0
21 22 next 0.5 0.0 0.0
22 22 ground 0.78 0.78 0.78
22 23 inner 1.0 0.39288307915758913 0.0 4
22 22 ceil 1.0 0.26216412490922314 0.0
22 23 outer 1.0 0.26216412490922314 0.0
22 23 next 1.0 0.39288307915758913 0.0
23 23 ground 1.0 0.08787218591140178 0.0
23 24 inner 1.0 0.5236020334059556 0.0 5
23 23 ceil 1.0 0.6107480029048659 0.0
23 24 outer 1.0 0.8286129266521426 0.0
23 24 next 1.0 0.8140885984023241 0.0
24 24 ground 1.0 0.3057371096586785 0.0
24 25 inner 1.0 0.34931009440813376 0.0 38
24 24 ceil 0.78 0.78 0.78
24 25 outer 0.40760675689385883 0.8836882304302403 0.8767810716604139
