0 0 ground 0.78 0.78 0.78
0 1 inner 0.5594772451818171 0.7882523970717301 0.8265377349274903 2
0 0 ceil 0.2068390680869484 0.9763367696724471 0.8265102291161193
0 1 outer 0.3647382609566372 0.9020931816639097 0.8723877024628921
0 1 next 0.3751190379766912 0.8975587090023486 0.8737683275357652
1 1 ground 0.78 0.78 0.78
1 2 inner 0.2691928636976967 0.9459243289116267 0.8501862178833529 4
1 1 ceil 0.5787476280834913 1.0 0.38899430740037955
1 2 outer 0.5787476280834913 1.0 0.38899430740037955
1 2 next 0.5787476280834913 1.0 0.38899430740037955
2 2 ground 0.78 0.78 0.78
2 3 inner 0.3763440860215053 1.0 0.5913978494623656 0
2 2 ceil 1.0 0.5816993464052289 0.0
2 3 outer 1.0 0.8576615831517794 0.0
2 3 next 1.0 0.5816993464052289 0.0
3 3 ground 0.78 0.78 0.78
3 4 inner 0.5787476280834913 1.0 0.38899430740037955 3
3 3 ceil 1.0 0.5816993464052289 0.0
3 4 outer 1.0 0.5816993464052289 0.0
3 4 next 1.0 0.5816993464052289 0.0
4 4 ground 0.5 0.0 0.0
4 5 inner 1.0 0.20406681190994935 0.0 1
4 4 ceil 0.78 0.78 0.78
4 5 outer 0.8697027197975963 1.0 0.0980392156862745
