0 0 4.700439718141093 ground
1 0.08440199353616308 3.700439718141092 inner
1 0.08440199353616308 5.321928094887363 outer
1 0.08440199353616308 2.584962500721156 ground
2 0.20754106657686994 2.584962500721156 inner
2 0.20754106657686994 4.643856189774724 outer
2 0.20754106657686994 2.584962500721156 ground
3 0.3306801396175768 2.584962500721156 inner
3 0.3306801396175768 5.523561956057013 outer
3 0.3306801396175768 2.0 ground
4 0.4898350827094722 2.0 inner
4 0.4898350827094722 4.643856189774724 outer
4 0.4898350827094722 1.584962500721156 ground
5 0.6906662607587699 1.584962500721156 inner
5 0.6906662607587699 3.9068905956085187 outer
5 0.6906662607587699 1.584962500721156 ground
6 0.8914974388080676 1.584962500721156 inner
6 0.8914974388080676 4.392317422778761 outer
6 0.8914974388080676 1.584962500721156 ground
7 1.0923286168573654 1.584962500721156 inner
7 1.0923286168573654 2.321928094887362 outer
7 1.0923286168573654 1.584962500721156 ground
8 1.293159794906663 1.584962500721156 inner
8 1.293159794906663 5.044394119358453 outer
8 1.293159794906663 1.584962500721156 ground
9 1.4939909729559608 1.584962500721156 inner
9 1.4939909729559608 2.584962500721156 outer
9 1.4939909729559608 1.584962500721156 ground
10 1.8741220699842875 0.0 inner
10 1.8741220699842875 5.087462841250339 outer
