0 0 18.95292036736459
1 0.015047074905254485 17.777460812669784
1 0.015047074905254485 14.999823879015725
2 0.033548142769119514 13.573765513926924
2 0.033548142769119514 11.38586240064146
3 0.05747512088006465 10.047123912114026
3 0.05747512088006465 8.339850002884624
4 0.08932773138643933 7.189824558880018
4 0.08932773138643933 5.832890014164741
5 0.12991465503714894 5.087462841250339
5 0.12991465503714894 3.584962500721156
6 0.21172784954755405 4.0
6 0.21172784954755405 3.169925001442312
7 0.3683297852506809 2.584962500721156
