0 0 9.390168956200183
1 0.03033138992730524 11.61378946447258
1 0.03033138992730524 7.266786540694901
2 0.07490297324617674 10.004220466318195
2 0.07490297324617674 6.475733430966398
3 0.1174039902394447 9.712527000439824
3 0.1174039902394447 5.491853096329675
4 0.16899808063543112 8.936637939002571
4 0.16899808063543112 5.20945336562895
5 0.20556375355857423 8.243173983472952
5 0.20556375355857423 3.807354922057604
6 0.23973360075460493 7.149747119504682
6 0.23973360075460493 2.807354922057604
7 0.3116082843402551 6.20945336562895
7 0.3116082843402551 2.807354922057604
8 0.38991025034494764 6.247927513443585
8 0.38991025034494764 3.169925001442312
9 0.45684901225583263 6.022367813028454
9 0.45684901225583263 3.0
10 0.5623910668154922 6.339850002884624
10 0.5623910668154922 3.807354922057604
11 0.6847778986966616 6.129283016944966
