0 0 4.321928094887363 ground
1 0.09364660598037432 3.321928094887362 inner
1 0.09364660598037432 5.977279923499917 outer
1 0.09364660598037432 2.321928094887362 ground
2 0.2516263292958668 2.0 inner
2 0.2516263292958668 3.9068905956085187 outer
2 0.2516263292958668 1.584962500721156 ground
3 0.45245750734516454 1.584962500721156 inner
3 0.45245750734516454 4.954196310386875 outer
3 0.45245750734516454 1.584962500721156 ground
4 0.6532886853944623 1.584962500721156 inner
4 0.6532886853944623 2.321928094887362 outer
4 0.6532886853944623 1.584962500721156 ground
5 0.85411986344376 1.584962500721156 inner
5 0.85411986344376 5.426264754702098 outer
5 0.85411986344376 1.584962500721156 ground
6 1.0549510414930579 1.584962500721156 inner
6 1.0549510414930579 2.321928094887362 outer
6 1.0549510414930579 1.584962500721156 ground
7 1.2557822195423556 1.584962500721156 inner
7 1.2557822195423556 5.700439718141093 outer
7 1.2557822195423556 1.584962500721156 ground
8 1.4566133975916533 1.584962500721156 inner
8 1.4566133975916533 4.247927513443585 outer
8 1.4566133975916533 1.584962500721156 ground
9 1.657444575640951 1.584962500721156 inner
9 1.657444575640951 5.044394119358453 outer
9 1.657444575640951 1.584962500721156 ground
10 2.037575672669278 0.0 inner
10 2.037575672669278 3.584962500721156 outer
