0 0 ground 0.17283430750474316 0.9934504142829048 0.8105688959106068
0 1 inner 0.3615182823968529 0.9035094285719444 0.8719183102112976 159
0 0 ceil 0.5815384823612805 0.7794381092260358 0.8195235122262438
0 1 outer 0.6263112744065951 0.7666430395732007 0.8065589599301539
0 1 next 0.7005910922651 0.7613776598435974 0.7895853413480631
1 1 ground 0.78 0.78 0.78
1 2 inner 1.0 0.5816993464052289 0.0 3
1 1 ceil 1.0 0.46550472040668145 0.0
1 2 outer 1.0 0.5236020334059556 0.0
1 2 next 1.0 0.5816993464052289 0.0
2 2 ground 1.0 0.34931009440813376 0.0
2 3 inner 0.8950031625553446 1.0 0.07273877292852626 11
2 2 ceil 0.7685009487666034 1.0 0.19924098671726753
2 3 outer 0.5787476280834913 1.0 0.38899430740037955
2 3 next 0.7558507273877292 1.0 0.2118912080961417
3 3 ground 0.8697027197975963 1.0 0.0980392156862745
3 4 inner 0.730550284629981 1.0 0.23719165085388993 8
3 3 ceil 0.7179000632511068 1.0 0.2498418722327641
3 4 outer 0.7052498418722326 1.0 0.26249209361163817
3 4 next 0.2751423149905123 1.0 0.6925996204933587
4 4 ground 0.641998734977862 1.0 0.3257432005060089
4 5 inner 0.3510436432637571 1.0 0.6166982922201139 34
4 4 ceil 0.22201863103152386 0.9688140260209991 0.8329379110269782
4 5 outer 0.3581849497961924 0.9049803132085597 0.8714118742060339
4 5 next 0.24984187223276405 1.0 0.717900063251107
5 5 ground 0.6293485135989879 1.0 0.338393421884883
5 6 inner 0.5154965211891207 1.0 0.4522454142947502 68
5 5 ceil 0.43113984032540065 0.8701965404090609 0.8739615541495326
5 6 outer 0.5209367352369841 0.8074735918396855 0.839667904907606
5 6 next 0.3383934218848829 1.0 0.629348513598988
6 6 ground 1.0 0.11692084241103862 0.0
6 7 inner 1.0 0.1750181554103124 0.0 49
6 6 ceil 0.78 0.78 0.78
6 7 outer 0.34154072760522025 0.9123963151274199 0.8685708209043057
