0 0 16.00389118663062
1 0.01891641733342341 16.826945650415485
1 0.01891641733342341 13.913637428049103
2 0.040832906366028515 14.91026795581084
2 0.040832906366028515 12.522826699925806
3 0.06473312608899255 13.678930187152346
3 0.06473312608899255 11.25915476886684
4 0.09146469923854175 12.407798850221974
4 0.09146469923854175 10.149747119504681
5 0.12076434489336729 11.242578689451346
5 0.12076434489336729 9.025139562278508
6 0.1532134548240157 10.224001674198105
6 0.1532134548240157 8.20945336562895
7 0.18827236008709763 9.445014845868423
7 0.18827236008709763 7.294620748891627
8 0.2269250144837817 8.661778097771988
8 0.2269250144837817 6.857980995127572
9 0.2678650685605858 8.29920801838728
9 0.2678650685605858 6.426264754702098
10 0.312824677997696 7.839203788096944
10 0.312824677997696 6.129283016944966
11 0.35818058365511585 7.285402218862249
11 0.35818058365511585 5.554588851677638
12 0.41629210209314255 6.523561956057013
12 0.41629210209314255 5.087462841250339
13 0.43491318919899047 5.321928094887363
13 0.43491318919899047 1.584962500721156
14 0.6626619295852207 2.584962500721156
14 0.6626619295852207 2.321928094887362
15 0.9765322494127213 1.584962500721156
