0 0 ground 0.7797216145922362 0.7798870545681752 0.7800133400777828
0 1 inner 0.7797545228634559 0.7799003876129 0.7800117544187744 223876
0 0 ceil 0.7799460725191192 0.7799780932261312 0.7800025711151328
0 1 outer 0.7798954850292811 0.779957555271018 0.780004988695605
0 1 next 0.7798610976435161 0.7799436010226555 0.7800066352248256
1 1 ground 0.7788683760320888 0.7795430762552136 0.7800552660774106
1 2 inner 0.779081240045594 0.779628581594903 0.780044660058101 43829
1 1 ceil 0.7797187119384884 0.7798858787715207 0.7800134800518933
1 2 outer 0.779577547389154 0.779828742569403 0.7800203093138871
1 2 next 0.7795311032940552 0.7798099641759041 0.780022565571095
2 2 ground 0.7771716921855777 0.7788688808898973 0.7801432640152149
2 3 inner 0.7777227840428497 0.7790864330732774 0.7801140096426725 17111
2 2 ceil 0.7793934806661004 0.7797543778132655 0.7800292785479536
2 3 outer 0.7789797167381207 0.7795877750409848 0.7800497063690239
2 3 next 0.7789422080388219 0.7795727105309679 0.780051576366987
3 3 ground 0.7732554812551582 0.7773623728082708 0.7803695487995208
3 4 inner 0.7746178491963354 0.7778786207990842 0.7802871959489501 6503
3 3 ceil 0.7783690760530209 0.779343319298999 0.7800805246379721
3 4 outer 0.7775434809008954 0.7790154994731922 0.780123457074257
3 4 next 0.7771983609363197 0.7788793771556597 0.7801418334860216
4 4 ground 0.7649831221497057 0.7744057182060905 0.7809506360389373
4 5 inner 0.7682844127917309 0.7755491413217649 0.7807022814199033 2757
4 4 ceil 0.7761687048407137 0.7784764600706259 0.7801981565506205
4 5 outer 0.7742214196106592 0.7777275394437813 0.7803107622039078
4 5 next 0.7740972424669768 0.777680360263167 0.7803182112599958
5 5 ground 0.7482646295622725 0.7693478014779545 0.7825268483122206
5 6 inner 0.7559757790002428 0.7715298323287964 0.7817354275629285 1223
5 5 ceil 0.7722520557466919 0.7769874684191239 0.7804326562016792
5 6 outer 0.7675573439354587 0.7752931687539343 0.7807551245656189
5 6 next 0.7690802372074981 0.7758320129656993 0.7806456522141387
6 6 ground 0.7261446196367639 0.7644882410543735 0.7853638603859915
6 7 inner 0.7395505166801055 0.7671880007131434 0.7835473202084515 613
6 6 ceil 0.7648326297135982 0.7743547433139986 0.7809624690829245
6 7 outer 0.7613944549242816 0.7732173356304837 0.7812447831633417
6 7 next 0.7591683482051368 0.7725085673654718 0.7814396611579257
7 7 ground 0.680380851884608 0.7607494839824475 0.7935605363990084
7 8 inner 0.7097315409782989 0.7621885673906047 0.7879669275941501 320
7 7 ceil 0.754148761649795 0.7709896481539261 0.7819131901045471
7 8 outer 0.7467360235685087 0.7689455812513061 0.7826963553742375
7 8 next 0.752091998263614 0.7703988091400942 0.782120606906621
8 8 ground 0.651868465191445 0.7625141922303199 0.8000167481884073
8 9 inner 0.6875241253013972 0.7607902865641677 0.7920953197617805 265
8 8 ceil 0.7462491139235475 0.7688195563148237 0.7827512088468983
8 9 outer 0.732703944207891 0.765715715854332 0.7844387941728413
8 9 next 0.7358164638276035 0.7663607033204219 0.7840239671771216
9 9 ground 0.617509779997763 0.768607053069122 0.8089631872370887
9 10 inner 0.6600835595747225 0.7616936723633196 0.7980609505238854 160
9 9 ceil 0.7171097519889534 0.763087072322488 0.7867472039488265
9 10 outer 0.7007751076392651 0.7613907147295321 0.7895516197711562
9 10 next 0.7068561079571194 0.7618976096335792 0.7884634678102689
10 10 ground 0.5665130029487377 0.7852654783940998 0.824259029587896
10 11 inner 0.6188735363825348 0.7682848072888723 0.8085858127202012 123
10 10 ceil 0.7083323313486752 0.7620428564647798 0.7882070860584315
10 11 outer 0.6988692028761034 0.7612619762442633 0.7899031129497274
10 11 next 0.698620880367598 0.7612462571523056 0.7899492714282847
11 11 ground 0.45623375000501054 0.8502225257376314 0.8639079318720825
11 12 inner 0.5234494347034213 0.8060752676954476 0.8387800154665765 83
11 11 ceil 0.6549446936614284 0.7621777014518313 0.7992756518531045
11 12 outer 0.6560875148946848 0.7620615965377737 0.7990029804435572
11 12 next 0.6161059553863851 0.7689456053459834 0.8093534819034628
12 12 ground 0.28426981277737196 0.9387730221346011 0.8548251695793551
12 13 inner 0.31778313213471443 0.9231813516062708 0.8636146908916182 67
12 12 ceil 0.7666700586551873 0.774983967960097 0.7808210361464918
12 13 outer 0.6418262390037411 0.7638543158930018 0.8025068786925204
12 13 next 0.6571645557806632 0.7619565992485342 0.7987473262701988
13 13 ground 0.78 0.78 0.78
13 14 inner 1.0 0.24763979665940472 0.0 2
13 13 ceil 0.7852049910873442 0.0 0.0
13 14 outer 1.0 0.16049382716049398 0.0
13 14 next 1.0 0.08787218591140178 0.0
14 14 ground 0.6782531194295901 0.0 0.0
14 15 inner 0.9099821746880573 0.0007262164124910431 0.0 2
14 14 ceil 0.78 0.78 0.78
14 15 outer 0.47754585705249836 1.0 0.4901960784313726
