0 0 ground 0.22271863915680346 0.9684689061528835 0.8332240442565504
0 1 inner 0.33153575789843737 0.9169101472587752 0.8666127359460725 203
0 0 ceil 0.517099434593909 0.8096475763835331 0.841032048495263
0 1 outer 0.6581742372783979 0.7618620735265573 0.798508831811392
0 1 next 0.6615846397641063 0.7615708025624358 0.7977117130538185
1 1 ground 0.39677594319397347 0.8882569745317499 0.8759969128112853
1 2 inner 0.19924098671726753 1.0 0.7685009487666035 53
1 1 ceil 0.2371916508538899 1.0 0.7305502846299811
1 2 outer 0.44568979373459927 0.8583892660032498 0.8680908992708342
1 2 next 0.1865646929357514 0.9864977347258435 0.8172618041289934
2 2 ground 0.6546489563567361 1.0 0.31309297912713474
2 3 inner 0.42694497153700184 1.0 0.540796963946869 197
2 2 ceil 0.6221245904316092 0.767543080546025 0.8076933236598139
2 3 outer 0.6051211810513042 0.7718329336614046 0.8124705551767659
2 3 next 0.46970272022958914 0.8402719620238859 0.8586548749068779
3 3 ground 0.7558507273877292 1.0 0.2118912080961417
3 4 inner 1.0 0.48002904865649987 0.0 12
3 3 ceil 1.0 0.39288307915758913 0.0
3 4 outer 0.9076533839342187 1.0 0.06008855154965209
3 4 next 1.0 0.5816993464052289 0.0
4 4 ground 1.0 0.3057371096586785 0.0
4 5 inner 1.0 0.34931009440813376 0.0 92
4 4 ceil 0.78 0.78 0.78
4 5 outer 0.1825394140042792 0.9885301385550421 0.8153355639727647
