0 0 ground 0.3636938646426312 1.0 0.6040480708412397
0 1 inner 0.21189120809614148 1.0 0.7558507273877295 209
0 0 ceil 0.7346446629747683 0.7661131318882862 0.7841782890055093
0 1 outer 0.6602235455842111 0.7616818590820221 0.7980282742247784
0 1 next 0.5394232944689483 0.7976560652432902 0.8332371263623288
1 1 ground 0.78 0.78 0.78
1 2 inner 0.6426024955436721 0.0 0.0 3
1 1 ceil 0.5 0.0 0.0
1 2 outer 0.5 0.0 0.0
1 2 next 1.0 0.5236020334059556 0.0
2 2 ground 1.0 0.33478576615831535 0.0
2 3 inner 1.0 0.39288307915758913 0.0 58
2 2 ceil 0.78 0.78 0.78
2 3 outer 0.4989221848854257 0.8205731677441032 0.8476251711926632
