0 0 ground 0.771173213157438 0.7765894167268494 0.7805028096079814
0 1 inner 0.7737333583853031 0.7775425072619743 0.7803402239182154 19435
0 0 ceil 0.7783693600624082 0.7793434326023536 0.7800805101189978
0 1 outer 0.7784802394996597 0.7793876950454942 0.7800748549666843
0 1 next 0.7773735325776583 0.7789484010484948 0.7801324746391622
1 1 ground 0.7534196887731115 0.7707781202075122 0.7819858342239563
1 2 inner 0.7658386113578156 0.7746973907933079 0.7808842130216037 5759
1 1 ceil 0.7754505136204433 0.7781982568807227 0.7802387640266502
1 2 outer 0.7756208780322582 0.778264039867407 0.7802290334681714
1 2 next 0.774553436557861 0.7778540247070649 0.7802910027896748
2 2 ground 0.7471713430504358 0.7690591097713616 0.7826476649478457
2 3 inner 0.7575290723637349 0.7720004781789968 0.7815891497081995 6250
2 2 ceil 0.7773989245818611 0.7789584179279951 0.7801311234280464
2 3 outer 0.7754601643513572 0.7782019798313834 0.7802382111892092
2 3 next 0.7737520999759955 0.7775495927506033 0.7803390834690949
3 3 ground 0.6973242868798573 0.7611681225595703 0.790191631655458
3 4 inner 0.7364937225801793 0.766506410278905 0.7839358019366185 1708
3 3 ceil 0.7643005813389453 0.7741753288057673 0.7810046580199311
3 4 outer 0.7639717611403946 0.7740650699829462 0.7810310077331483
3 4 next 0.7666138838736158 0.7749645096444424 0.7808252615624196
4 4 ground 0.6410446461063758 0.763974041657094 0.8027051481921258
4 5 inner 0.7128524052478574 0.7625418533388498 0.7874413556831535 996
4 4 ceil 0.7587682400317616 0.7723834738902273 0.7814756821539678
4 5 outer 0.7596159015908929 0.772649322796203 0.7813997265605347
4 5 next 0.7617333540780026 0.7733271409806063 0.7812159432139502
5 5 ground 0.6158135303774943 0.7690169997942341 0.8094350156379264
5 6 inner 0.6906971759252696 0.7608716504552138 0.791465240861305 950
5 5 ceil 0.7558371119511805 0.771488325979449 0.7817487037836045
5 6 outer 0.7480986118711243 0.769303633991789 0.7825450590279043
5 6 next 0.7518504632355713 0.770330621544775 0.7821454679359673
6 6 ground 0.6316364083610607 0.7655884463641256 0.8051409178566759
6 7 inner 0.6738218397483371 0.7608842117394192 0.7949614467129422 1518
6 6 ceil 0.768807119863604 0.7757346173596114 0.7806649436338773
6 7 outer 0.7574462781240783 0.771975126932294 0.7815968333927761
6 7 next 0.7621631205033642 0.7734671126369406 0.7811796871851971
7 7 ground 0.542506578019812 0.7961252535553398 0.8321879308567799
7 8 inner 0.5415984726959164 0.7965729276732649 0.8324962361543304 97
7 7 ceil 0.5516610885584364 0.7917616474541458 0.8291134704318791
7 8 outer 0.6249345807992175 0.7669321284550595 0.8069300934274604
7 8 next 0.6433700980724794 0.7636243455466337 0.8021171129860244
8 8 ground 0.2751423149905123 1.0 0.6925996204933587
8 9 inner 0.48390392127703863 0.8303724404340187 0.8532299472629432 152
8 8 ceil 0.6935671248966365 0.7609789683200558 0.7909065891379358
8 9 outer 0.6881829113198619 0.7608039669216391 0.791963439154489
8 9 next 0.7080834525685689 0.7620177590802084 0.7882500942375541
9 9 ground 0.27309105159688507 0.9440674453879131 0.8514262904722989
9 10 inner 0.4880902307808962 0.8275713025535674 0.8516537146789823 138
9 9 ceil 0.5979808789602623 0.7739344937738786 0.8145552042734026
9 10 outer 0.6353018458319102 0.7649215466344872 0.8041812503302246
9 10 next 0.6413181099815748 0.763931899832287 0.802635705427265
10 10 ground 0.2783887757131158 0.9415526874428413 0.8530661333414182
10 11 inner 0.4647620596245303 0.8438588947497601 0.8605698165903142 273
10 10 ceil 0.6859395600046775 0.7607642591643334 0.792414796142754
10 11 outer 0.6834115543780479 0.7607428029962555 0.7929310655533566
10 11 next 0.6556057521025622 0.7621099522623358 0.799117750880914
11 11 ground 0.16129032258064513 1.0 0.8064516129032259
11 12 inner 0.3348428717314169 0.91541354137325 0.8672807621162332 63
11 11 ceil 0.3883844421877469 0.8918352735445392 0.8752379392794487
11 12 outer 0.501381008831425 0.8190350546755224 0.8467209037091652
11 12 next 0.49932991121520254 0.8203168197363683 0.8474749600702454
12 12 ground 0.3242457355820856 0.9202249233754707 0.8650677040868415
12 13 inner 0.3266505278513332 0.9191290844455375 0.8655883893716573 521
12 12 ceil 0.78 0.78 0.78
12 13 outer 0.7116567870423931 0.7624018840689147 0.7876410490701478
