0 0 3.584962500721156 ground
1 0.09197323796901409 3.4594316186372973 inner
1 0.09197323796901409 5.392317422778761 outer
1 0.09197323796901409 2.321928094887362 ground
2 0.2290618441513826 2.321928094887362 inner
2 0.2290618441513826 5.20945336562895 outer
2 0.2290618441513826 2.0 ground
3 0.3882167872432779 2.0 inner
3 0.3882167872432779 4.523561956057013 outer
3 0.3882167872432779 1.584962500721156 ground
4 0.5890479652925756 1.584962500721156 inner
4 0.5890479652925756 5.0 outer
4 0.5890479652925756 1.584962500721156 ground
5 0.7898791433418734 1.584962500721156 inner
5 0.7898791433418734 4.0 outer
5 0.7898791433418734 1.584962500721156 ground
6 0.9907103213911711 1.584962500721156 inner
6 0.9907103213911711 5.044394119358453 outer
6 0.9907103213911711 1.584962500721156 ground
7 1.2876511337821086 1.0 inner
7 1.2876511337821086 4.857980995127572 outer
