0 0 3.807354922057604 ground
1 0.09636366872446454 6.0 inner
1 0.09636366872446454 7.554588851677638 outer
1 0.09636366872446454 3.169925001442312 ground
2 0.22525135707854987 6.044394119358453 inner
2 0.22525135707854987 8.471675214392045 outer
2 0.22525135707854987 3.169925001442312 ground
3 0.3918268260375151 4.392317422778761 inner
3 0.3918268260375151 7.857980995127572 outer
3 0.3918268260375151 1.584962500721156 ground
4 0.6173266051618533 4.700439718141093 inner
4 0.6173266051618533 8.842350343413807 outer
