0 0 3.9068905956085187 ground
1 0.10367822914183228 3.0 inner
1 0.10367822914183228 5.129283016944966 outer
1 0.10367822914183228 2.321928094887362 ground
2 0.24076683532420076 2.321928094887362 inner
2 0.24076683532420076 6.539158811108031 outer
2 0.24076683532420076 2.321928094887362 ground
3 0.3987465586396932 2.0 inner
3 0.3987465586396932 4.754887502163468 outer
3 0.3987465586396932 1.584962500721156 ground
4 0.599577736688991 1.584962500721156 inner
4 0.599577736688991 4.321928094887363 outer
4 0.599577736688991 1.584962500721156 ground
5 0.8004089147382887 1.584962500721156 inner
5 0.8004089147382887 3.9068905956085187 outer
5 0.8004089147382887 1.584962500721156 ground
6 1.0012400927875864 1.584962500721156 inner
6 1.0012400927875864 5.044394119358453 outer
6 1.0012400927875864 1.584962500721156 ground
7 1.3813711898159131 0.0 inner
7 1.3813711898159131 4.0 outer
