0 0 ground 0.78 0.78 0.78
0 1 inner 0.5362596413479948 0.7992586251390389 0.8343207274276703 6
0 0 ceil 0.5787476280834913 1.0 0.38899430740037955
0 1 outer 0.4550209049420839 0.8511451424733367 0.8643859706262937
0 1 next 0.2068390680869484 0.9763367696724471 0.8265102291161193
1 1 ground 0.78 0.78 0.78
1 2 inner 0.21189120809614148 1.0 0.7558507273877295 4
1 1 ceil 0.8697027197975963 1.0 0.0980392156862745
1 2 outer 0.8697027197975963 1.0 0.0980392156862745
1 2 next 0.8697027197975963 1.0 0.0980392156862745
2 2 ground 0.78 0.78 0.78
2 3 inner 0.5787476280834913 1.0 0.38899430740037955 0
2 2 ceil 1.0 0.5816993464052289 0.0
2 3 outer 1.0 0.5816993464052289 0.0
2 3 next 1.0 0.5816993464052289 0.0
3 3 ground 0.5 0.0 0.0
3 4 inner 1.0 0.20406681190994935 0.0 3
3 3 ceil 0.78 0.78 0.78
3 4 outer 1.0 0.6543209876543212 0.0
