0 0 ground 0.6799493991144844 1.0 0.2877925363693865
0 1 inner 0.2371916508538899 1.0 0.7305502846299811 262
0 0 ceil 0.5842797303266297 0.7784567372948221 0.8186793562723392
0 1 outer 0.6595330247969113 0.7617408387432789 0.7981896732240816
0 1 next 0.5723515410330053 0.7829114454186699 0.8223974297721748
1 1 ground 0.78 0.78 0.78
1 2 inner 1.0 0.8140885984023241 0.0 8
1 1 ceil 1.0 0.741466957153232 0.0
1 2 outer 0.9582542694497153 0.973856209150327 0.009487666034155628
1 2 next 0.45224541429475007 1.0 0.5154965211891208
2 2 ground 1.0 0.9012345679012348 0.0
2 3 inner 1.0 0.9012345679012348 0.0 107
2 2 ceil 0.6040480708412397 1.0 0.3636938646426312
2 3 outer 0.3747518810018693 0.8977182643640631 0.8737229501766214
2 3 next 0.7685009487666034 1.0 0.19924098671726753
3 3 ground 1.0 0.5526506899055921 0.0
3 4 inner 1.0 0.5816993464052289 0.0 184
3 3 ceil 0.78 0.78 0.78
3 4 outer 0.4563666314806323 0.8501217082168266 0.8638556068332872
