0 0 ground 0.78 0.78 0.78
0 1 inner 0.6258189129280294 0.7667456551970605 0.8066914801773954 9
0 0 ceil 0.39511494816577875 0.8889626125729362 0.8758571801715189
0 1 outer 0.4848800316750306 0.829714517559454 0.852861473122317
0 1 next 0.4794607685027561 0.8334039395440862 0.8549144293111792
1 1 ground 0.78 0.78 0.78
1 2 inner 0.49067877300115414 0.8258661122214166 0.8506844119004078 12
1 1 ceil 0.2068390680869484 0.9763367696724471 0.8265102291161193
1 2 outer 0.21684692990537802 0.9713687206182652 0.8307958413839721
1 2 next 0.1825394140042792 0.9885301385550421 0.8153355639727647
2 2 ground 0.78 0.78 0.78
2 3 inner 0.3193593469963465 0.9224587496743164 0.8639762977666654 4
2 2 ceil 0.5787476280834913 1.0 0.38899430740037955
2 3 outer 0.38899430740037944 1.0 0.5787476280834916
2 3 next 0.3763440860215053 1.0 0.5913978494623656
3 3 ground 0.78 0.78 0.78
3 4 inner 0.21189120809614148 1.0 0.7558507273877295 3
3 3 ceil 0.8697027197975963 1.0 0.0980392156862745
3 4 outer 0.8697027197975963 1.0 0.0980392156862745
3 4 next 0.8697027197975963 1.0 0.0980392156862745
4 4 ground 0.78 0.78 0.78
4 5 inner 0.5787476280834913 1.0 0.38899430740037955 1
4 4 ceil 1.0 0.5816993464052289 0.0
4 5 outer 1.0 0.5816993464052289 0.0
4 5 next 1.0 0.5816993464052289 0.0
5 5 ground 0.78 0.78 0.78
5 6 inner 0.5787476280834913 1.0 0.38899430740037955 2
5 5 ceil 1.0 0.5816993464052289 0.0
5 6 outer 1.0 0.5816993464052289 0.0
5 6 next 1.0 0.5816993464052289 0.0
6 6 ground 0.78 0.78 0.78
6 7 inner 0.5787476280834913 1.0 0.38899430740037955 1
6 6 ceil 1.0 0.5816993464052289 0.0
6 7 outer 1.0 0.5816993464052289 0.0
6 7 next 1.0 0.5816993464052289 0.0
7 7 ground 0.78 0.78 0.78
7 8 inner 0.5787476280834913 1.0 0.38899430740037955 3
7 7 ceil 1.0 0.5816993464052289 0.0
7 8 outer 1.0 0.5816993464052289 0.0
7 8 next 1.0 0.5816993464052289 0.0
8 8 ground 0.5 0.0 0.0
8 9 inner 1.0 0.20406681190994935 0.0 2
8 8 ceil 0.78 0.78 0.78
8 9 outer 1.0 0.7269426289034134 0.0
