0 0 ground 0.7799883982861131 0.7799952859589511 0.7800005526079026
0 1 inner 0.7799885431532895 0.7799953448180147 0.7800005457058589 740885
0 0 ceil 0.7799909024841977 0.7799963034199439 0.7800004333044056
0 1 outer 0.7799835946283776 0.7799933343024781 0.780000781498774
0 1 next 0.7799900594861948 0.779995960904882 0.7800004734644967
1 1 ground 0.7799739652914378 0.7799894223586652 0.7800012404798765
1 2 inner 0.7799767551444136 0.7799905557004736 0.7800011074812937 355312
1 1 ceil 0.7799827761312327 0.7799930017694259 0.7800008205045489
1 2 outer 0.7799742113416805 0.7799895223119808 0.7800012287494309
1 2 next 0.7799817322677662 0.7799925776806099 0.7800008702523353
2 2 ground 0.7799583210900916 0.7799830677595031 0.7800019865855679
2 3 inner 0.7799635557750686 0.7799851939393583 0.7800017368733303 214275
2 2 ceil 0.7799732573216249 0.7799891347606877 0.7800012742330675
2 3 outer 0.7799635711743389 0.7799852001942869 0.7800017361388201
2 3 next 0.779972307754079 0.7799887490222479 0.7800013195063789
3 3 ground 0.7799387074592802 0.7799751023701736 0.7800029227484065
3 4 inner 0.7799476271211756 0.7799787245615466 0.7800024969080541 147985
3 3 ceil 0.7799626520198761 0.7799848268508521 0.7800017799812946
3 4 outer 0.7799509403795208 0.779980070136998 0.7800023387710202
3 4 next 0.7799615899872062 0.7799843954777349 0.7800018306411455
4 4 ground 0.7799144777944965 0.7799652647564868 0.7800040803821319
4 5 inner 0.7799283254829273 0.7799708868023414 0.7800034186185126 108568
4 4 ceil 0.7799509592509336 0.7799800778011705 0.7800023378703828
4 5 outer 0.7799364510612824 0.7799741861253822 0.7800030305000359
4 5 next 0.779949606757301 0.7799795285223607 0.7800024024200322
5 5 ground 0.7798817414775568 0.7799519775535525 0.7800056464552089
5 6 inner 0.7799029581547681 0.7799605885435865 0.7800046312065898 82005
5 5 ceil 0.7799374730752991 0.7799746011268784 0.7800029816935984
5 6 outer 0.7799187746285987 0.7799670091419095 0.7800038749975433
5 6 next 0.7799347970616826 0.7799735145083508 0.7800031094918201
6 6 ground 0.77983545727318 0.7799331997744924 0.7800078645917985
6 7 inner 0.7798674576542222 0.7799461814813592 0.7800063305038811 61835
6 6 ceil 0.7799205556266802 0.7799677321981885 0.7800037898792087
6 7 outer 0.779895897904911 0.7799577228467908 0.7800049689418876
6 7 next 0.7799155871545931 0.7799657151152807 0.7800040273519568
7 7 ground 0.7797679764404131 0.7799058398534572 0.7800111068411666
7 8 inner 0.7798156802676923 0.7799251790958813 0.7800088137995533 45667
7 7 ceil 0.7798974683121364 0.7799583602424371 0.7800048938103211
7 8 outer 0.7798641344934605 0.7799448331463528 0.7800064897123307
7 8 next 0.7798869078564703 0.7799540741889361 0.7800053991470508
8 8 ground 0.7796675770259098 0.7798651715048647 0.7800159488985763
8 9 inner 0.7797362061749833 0.7798929658549575 0.7800126367058324 31507
8 8 ceil 0.7798536629251692 0.7799405847541011 0.7800069915478204
8 9 outer 0.7798069457700535 0.7799216373362847 0.7800092332849259
8 9 next 0.779839552292137 0.7799348607553386 0.7800076681546505
9 9 ground 0.7795150926005128 0.779803492964472 0.7800233444480209
9 10 inner 0.7796172283702628 0.7798447942509387 0.7800183852888035 22199
9 9 ceil 0.7797997380304521 0.7799187149245141 0.7800095795697136
9 10 outer 0.7797282063248786 0.7798897248660691 0.7800130222733846
9 10 next 0.7797744131178408 0.7799084486934758 0.7800107971546588
10 10 ground 0.7792692888258382 0.7797042900760374 0.780035371362405
10 11 inner 0.7794296795359758 0.7797689903479555 0.7800275088844902 14870
10 10 ceil 0.7797151959331224 0.7798844545718824 0.780013649627863
10 11 outer 0.7796076630735167 0.7798409242589717 0.780018848774356
10 11 next 0.7796717120563168 0.779866845558484 0.7800157490456072
11 11 ground 0.7788994527755645 0.7795555466481007 0.78005371161164
11 12 inner 0.7791409651491068 0.7796526095306922 0.7800417016994241 9588
11 11 ceil 0.7795596461779628 0.7798215035453697 0.7800211784058464
11 12 outer 0.7793965774281207 0.7797556276619994 0.7800291270455081
11 12 next 0.7795083429629432 0.7798007652411458 0.780023672964969
12 12 ground 0.7783632610499776 0.7793409995287913 0.7800808219472861
12 13 inner 0.7787249120172065 0.7794855642218657 0.7800624690048777 6642
12 12 ceil 0.7793705633401861 0.7797451297676709 0.7800304003700821
12 13 outer 0.779130415590768 0.7796483641723764 0.7800422236930048
12 13 next 0.7792813781470765 0.7797091627344597 0.7800347768073373
13 13 ground 0.7775339265415753 0.7790117237851144 0.7801239624077507
13 14 inner 0.7780778617024613 0.7792273339995447 0.7800955025358423 4189
13 13 ceil 0.7790141637656685 0.779601615527251 0.7800479916688123
13 14 outer 0.7786655394967966 0.7794617902167034 0.7800654628276532
13 14 next 0.7788757214452691 0.7795460234074378 0.7800548984713713
14 14 ground 0.7763353034100935 0.7785413273463209 0.7801888917652091
14 15 inner 0.7771721408251815 0.7788690574385114 0.7801432399374315 2838
14 14 ceil 0.7785962996519843 0.7794340853290324 0.7800689637330381
14 15 outer 0.7780520715390814 0.779217080781512 0.7800968377088205
14 15 next 0.7784384108982977 0.7793709907557091 0.7800769852531609
15 15 ground 0.7746558476507817 0.777893139338923 0.7802849542610288
15 16 inner 0.7758790755273572 0.7783639874236875 0.7802144022556401 2017
15 15 ceil 0.7781027852858419 0.7792372455612645 0.7800942135734282
15 16 outer 0.7772620878203401 0.7789044717617376 0.7801384212384995
15 16 next 0.7777769434714954 0.7791078875555263 0.7801111694383591
16 16 ground 0.7722000683005261 0.7769681675819138 0.7804359821674864
16 17 inner 0.7739487712868691 0.7776240419245677 0.7803271596607637 1273
16 16 ceil 0.7769396212169968 0.7787776783667626 0.7801557760338695
16 17 outer 0.7758318620605774 0.7783456887521715 0.7802170672348682
16 17 next 0.7764599004920529 0.778589922724034 0.7801820009597349
17 17 ground 0.7681077843597072 0.7754867414544431 0.7807150217718853
17 18 inner 0.7709490493361689 0.776507361901205 0.7805176841242719 844
17 17 ceil 0.7756171694560536 0.778262606477756 0.7802292446400227
17 18 outer 0.773986914008343 0.7776385008290425 0.7803248564229671
17 18 next 0.775007109133471 0.7780276578978932 0.7802643744078114
18 18 ground 0.7626615675008239 0.7736304689241515 0.7811380817435389
18 19 inner 0.7666422160827929 0.7749743218575423 0.7808231296595792 514
18 18 ceil 0.7727245258657578 0.7771634325255937 0.7804026835895721
18 19 outer 0.7707693571921792 0.7764417479603529 0.7805296814766656
18 19 next 0.7721795477519877 0.776960552463464 0.7804372965219006
19 19 ground 0.7559832009790376 0.771532056256481 0.7817347179722612
19 20 inner 0.7619734714094275 0.7734052454237781 0.7811956426948314 471
19 19 ceil 0.7717378167662619 0.7767970843895387 0.780465798738742
19 20 outer 0.7674989626068465 0.7752727167511207 0.7807594133695683
19 20 next 0.7704846898654079 0.7763380978352309 0.7805488218075041
20 20 ground 0.7465491502400124 0.7688970939822326 0.7827173588720905
20 21 inner 0.7543831414897687 0.7710581376378505 0.7818900429939893 271
20 20 ceil 0.7672084971505114 0.7751711863669435 0.7807808521942173
20 21 outer 0.7642471145623281 0.7741573680657785 0.7810089282052136
20 21 next 0.7661688070979588 0.7748108339766118 0.7808589601646138
21 21 ground 0.7330084054442924 0.7657770246148339 0.7843975223449128
21 22 inner 0.7437142410809039 0.7681797721673833 0.7830434317526267 211
21 21 ceil 0.7615456482262376 0.7732662609236532 0.7812318896117528
21 22 outer 0.755659504241597 0.7714352856261323 0.7817657601411037
21 22 next 0.7581990260000172 0.7722067131243799 0.781527446292506
22 22 ground 0.7236353687580641 0.7640656124384209 0.7857355788093978
22 23 inner 0.7339129687639425 0.7659614527749892 0.7842757873399759 105
22 22 ceil 0.7462654946696713 0.7688237796457792 0.7827493567231235
22 23 outer 0.742988125860424 0.7680015354185271 0.7831291808016819
22 23 next 0.7498632612421149 0.7697791432202059 0.7823539889714423
23 23 ground 0.7071963083553093 0.7619303108092536 0.7884041114263006
23 24 inner 0.7234738688689727 0.7640392964007248 0.7857598357095922 110
23 23 ceil 0.7537493982908032 0.7708734951832162 0.781952862161315
23 24 outer 0.7439172676827875 0.7682300084765845 0.7830196176700698
23 24 next 0.7512146300085302 0.7701523209228684 0.7822114164371051
24 24 ground 0.6605172445680326 0.761657311203439 0.7979597891633917
24 25 inner 0.6888959847550488 0.7608206700921435 0.7918213175716181 71
24 24 ceil 0.7337437779422339 0.765926697751733 0.7842984559727993
24 25 outer 0.722348758760949 0.7638589264817528 0.7859299326348701
24 25 next 0.7251253598939891 0.7643134496781765 0.785513678707634
25 25 ground 0.6237246201967682 0.7671917661441254 0.8072577991716227
25 26 inner 0.6618192661303522 0.7615523563604196 0.7976573558204786 46
25 25 ceil 0.717921054806241 0.7631992934013679 0.7866179518883069
25 26 outer 0.7029810162744201 0.7615576358930982 0.7891509821304108
25 26 next 0.7091971650832752 0.7621319936882457 0.7880583187040807
26 26 ground 0.5800256509871244 0.7799905662620795 0.8199920396186144
26 27 inner 0.6227302872692204 0.7674090220587716 0.8075281641967218 46
26 26 ceil 0.7245844703316912 0.7642224274846763 0.7855938361135656
26 27 outer 0.7075942496992176 0.7619691483157496 0.7883348874711489
26 27 next 0.7073982891724493 0.7619499443452022 0.7883689479313991
27 27 ground 0.4928669803312493 0.8244406899063829 0.8498682271884186
27 28 inner 0.5540940672919151 0.790647847281693 0.8283067809629808 37
27 27 ceil 0.6784189812147521 0.7607725791412562 0.7939740694354598
27 28 outer 0.6564638292299805 0.7620244225101486 0.7989135095972337
27 28 next 0.6645642667686502 0.7613518205807719 0.7970260626183492
28 28 ground 0.2180351528015716 0.9707810014591824 0.8312923709291734
28 29 inner 0.3962142438864684 0.8884954535126501 0.8759502390794631 29
28 28 ceil 0.6748425911452248 0.7608524800095743 0.7947400040929272
28 29 outer 0.5664675436648179 0.7852842516807058 0.8242736294448709
28 29 next 0.644053330978983 0.7635253397731728 0.8019454188194713
29 29 ground 0.6672991777356103 1.0 0.30044275774826057
29 30 inner 0.17743043385511226 0.9911167622703123 0.8128478466960011 10
29 29 ceil 0.47012181704834743 0.839971075225033 0.858493084594834
29 30 outer 0.3892655104653311 0.8914580122899849 0.8753238417335285
29 30 next 0.4422413667041376 0.8611315084938215 0.8694720879901154
30 30 ground 0.4142947501581275 1.0 0.5534471853257434
30 31 inner 0.16129032258064513 1.0 0.8064516129032259 12
30 30 ceil 0.5975811527699085 0.7740573379949608 0.8146732371333921
30 31 outer 0.48061077187960366 0.8326135437411364 0.8544773097188855
30 31 next 0.524757708117996 0.8053551317752643 0.8383194170381517
31 31 ground 1.0 0.4945533769063183 0.0
31 32 inner 0.844402277039848 1.0 0.12333965844402273 8
31 31 ceil 0.5076383431270424 0.8152055044193639 0.8444370391851606
31 32 outer 0.29017317620784877 0.9359956364340525 0.8565259046656706
31 32 next 0.2691928636976967 0.9459243289116267 0.8501862178833529
32 32 ground 0.5 0.0 0.0
32 33 inner 0.7495543672014262 0.0 0.0 6
32 32 ceil 0.78 0.78 0.78
32 33 outer 1.0 0.8867102396514164 0.0
