0 0 ground 0.4221769911485327 0.8776330301828794 0.8774888186297196
0 1 inner 0.21983259337638894 0.9698928180792945 0.8320385136416771 457
0 0 ceil 0.3257432005060088 1.0 0.6419987349778622
0 1 outer 0.6917268642724896 0.7609064615710196 0.7912635698416932
0 1 next 0.7486193920264808 0.7694425780798725 0.7824880970326311
1 1 ground 0.6623438069711427 0.7615118601485822 0.7975360584223552
1 2 inner 1.0 0.6252723311546844 0.0 47
1 1 ceil 1.0 0.13144517066085715 0.0
1 2 outer 0.2867565856573596 0.9376014809680345 0.8555495372875473
1 2 next 0.36060372046739464 0.9039125105859684 0.8717814379605614
2 2 ground 0.7558507273877292 1.0 0.2118912080961417
2 3 inner 1.0 0.6397966594045028 0.0 18
2 2 ceil 1.0 0.5671750181554105 0.0
2 3 outer 0.5660974067046173 1.0 0.4016445287792536
2 3 next 1.0 0.6252723311546844 0.0
3 3 ground 1.0 0.5236020334059556 0.0
3 4 inner 1.0 0.5526506899055921 0.0 187
3 3 ceil 0.78 0.78 0.78
3 4 outer 0.274476751129736 0.9434086911453697 0.851860273807971
