0 0 ground 0.7461339205222821 0.7687898891263858 0.7827642466481735
0 1 inner 0.7555501668270472 0.7714027014001262 0.7817762891945914 5263
0 0 ceil 0.7732823317017721 0.7773724668264003 0.7803678886118977
0 1 outer 0.7748827007832457 0.7779799511366203 0.7802716338588465
0 1 next 0.7668475540554168 0.7750455422497029 0.7808077261252399
1 1 ground 0.6888059622100047 0.7608184526368973 0.7918392238230163
1 2 inner 0.7174031851869325 0.7631273523476341 0.7867003430353772 2679
1 1 ceil 0.7744167214642484 0.7778018816389902 0.7802991113855963
1 2 outer 0.7678963630436035 0.7754122320628922 0.7807303536331045
1 2 next 0.7673210857755033 0.7752104966017478 0.7807725223065287
2 2 ground 0.5708016684136658 0.7835252704309057 0.822888971888685
2 3 inner 0.6280968461452574 0.7662781419368664 0.8060803592741259 1154
2 2 ceil 0.7727132097837338 0.7771592063344991 0.7804033960990752
2 3 outer 0.7534178521144543 0.7707775902332036 0.7819860184507106
2 3 next 0.7695052450141244 0.7759842341467424 0.7806159302123117
3 3 ground 0.844402277039848 1.0 0.12333965844402273
3 4 inner 0.3329953003325187 0.9162490909076272 0.8669100889040737 116
3 3 ceil 0.6624671128974392 0.7615024896335525 0.7975075899466929
3 4 outer 0.4912522804158238 0.8254910998883119 0.8504702127994385
3 4 next 0.6824611705068214 0.7607411017250172 0.7931272281252651
4 4 ground 0.24984187223276405 1.0 0.717900063251107
4 5 inner 0.3105948666625862 0.9264891847470427 0.861906559324204 230
4 4 ceil 0.7178257299925533 0.7631859693945219 0.7866330877677196
4 5 outer 0.6864978932129148 0.7607723224383305 0.7923018619450978
4 5 next 0.6033466543891339 0.7723387682111034 0.8129844033329605
5 5 ground 0.5695146953923138 0.7840410594904124 0.8232985849978598
5 6 inner 0.26249209361163817 1.0 0.7052498418722328 18
5 5 ceil 0.3257432005060088 1.0 0.6419987349778622
5 6 outer 0.2245414294750158 1.0 0.7432005060088551
5 6 next 0.221301174355641 0.9691679139534441 0.8326437042676785
6 6 ground 1.0 0.843137254901961 0.0
6 7 inner 0.3130929791271345 1.0 0.6546489563567364 89
6 6 ceil 0.6397029698572124 0.7641847277111352 0.8030469728005568
6 7 outer 0.5928510926893029 0.7755526085363732 0.8160804999823301
6 7 next 0.5453306361337182 0.794750110696208 0.8312329620035623
7 7 ground 0.6293485135989879 1.0 0.338393421884883
7 8 inner 0.271620894665512 0.9447671068250417 0.850961940012172 56
7 7 ceil 0.45972103554642063 0.8475941391702365 0.8625380036165159
7 8 outer 0.5178343358844907 0.8092276281967199 0.8407700322573447
7 8 next 0.36857557517558304 0.9004113870680523 0.8729216468773726
8 8 ground 0.21189120809614148 1.0 0.7558507273877295
8 9 inner 0.34027595213329365 0.9129646390570474 0.8683336650028232 65
8 8 ceil 0.4912261286691486 0.8255081783362506 0.8504799758056936
8 9 outer 0.5759311315475564 0.7815244294251191 0.8212695078128192
8 9 next 0.34027595213329365 0.9129646390570474 0.8683336650028232
9 9 ground 0.3647382609566372 0.9020931816639097 0.8723877024628921
9 10 inner 0.22815900899436237 0.9657921421390356 0.8354169010459396 27
9 9 ceil 0.21484051901091084 0.9723621646520122 0.8299514834927417
9 10 outer 0.33317794256938194 0.9161664299668351 0.8669470172447022
9 10 next 0.3529520446728327 0.907299135069896 0.8705747303093393
10 10 ground 0.78 0.78 0.78
10 11 inner 0.2371916508538899 1.0 0.7305502846299811 8
10 10 ceil 0.3257432005060088 1.0 0.6419987349778622
10 11 outer 0.2245414294750158 1.0 0.7432005060088551
10 11 next 0.16291955620000276 0.9985058564592968 0.8055208118826731
11 11 ground 0.7811511701454774 1.0 0.18659076533839347
11 12 inner 0.24984187223276405 1.0 0.717900063251107 20
11 11 ceil 0.19169730580182576 0.9839133883527152 0.8196747073725256
11 12 outer 0.22976083807889014 0.9650058656728623 0.8360521026664504
11 12 next 0.17743043385511226 0.9911167622703123 0.8128478466960011
12 12 ground 0.5281467425679949 1.0 0.439595192915876
12 13 inner 0.16129032258064513 1.0 0.8064516129032259 25
12 12 ceil 0.2398027439974032 0.9600961056367757 0.8399257821351664
12 13 outer 0.35206713514875054 0.9076924245252431 0.8704280806906184
12 13 next 0.3009057846763411 0.9309796704450507 0.8594510104966644
13 13 ground 0.3763440860215053 1.0 0.5913978494623656
13 14 inner 0.3636938646426312 1.0 0.6040480708412397 149
13 13 ceil 0.78 0.78 0.78
13 14 outer 0.6956157572145559 0.7610752492370095 0.7905144277244754
