0 0 14.697130472044098
1 0.02122804856501883 16.809981603651245
1 0.02122804856501883 13.385323176175872
2 0.04370446246756282 15.743230302491314
2 0.04370446246756282 12.432541900388259
3 0.06727834296790322 14.92095757371801
3 0.06727834296790322 11.81977993183848
4 0.09188553658758913 14.38505348834615
4 0.09188553658758913 11.394998514501673
5 0.11751737420330811 13.998678568245579
5 0.11751737420330811 11.043710863347156
6 0.14345434398060483 13.690216280422039
6 0.14345434398060483 10.715104009236168
7 0.17048210473612468 13.378023850925485
7 0.17048210473612468 10.488844346457336
8 0.1974694583962886 13.140030892054494
8 0.1974694583962886 10.20212382383046
9 0.2266517587331467 12.888362741170644
9 0.2266517587331467 10.056637715113201
10 0.2582104087603806 12.865539970785697
10 0.2582104087603806 9.759888183221834
11 0.28770857782928716 12.476746203939467
11 0.28770857782928716 8.751544059089099
12 0.32490078660130245 11.290018846932618
12 0.32490078660130245 8.139551352398794
13 0.3570718279876624 10.881113960675096
13 0.3570718279876624 6.6865005271832185
14 0.3945084705147728 9.233619676759702
14 0.3945084705147728 5.954196310386875
15 0.4363822168299921 8.523561956057012
15 0.4363822168299921 5.882643049361842
16 0.47936893823655746 8.483815777264256
16 0.47936893823655746 5.392317422778761
17 0.5226418424225744 8.134426320220927
17 0.5226418424225744 5.426264754702098
18 0.5754761520565768 7.965784284662087
18 0.5754761520565768 5.523561956057013
19 0.6235246377405559 7.977279923499917
19 0.6235246377405559 4.523561956057013
20 0.6583987925696819 7.442943495848728
20 0.6583987925696819 3.807354922057604
21 0.7003068209760335 6.339850002884624
21 0.7003068209760335 3.4594316186372973
22 0.7716556329028262 6.129283016944966
22 0.7716556329028262 4.087462841250339
23 0.8126032150217003 6.94251450533924
23 0.8126032150217003 3.807354922057604
24 0.8570533959241217 6.643856189774724
24 0.8570533959241217 3.584962500721156
25 0.8921669405908969 6.3750394313469245
25 0.8921669405908969 2.807354922057604
26 0.9603069967732895 5.584962500721156
26 0.9603069967732895 3.700439718141092
27 1.006343566127377 6.303780748177103
27 1.006343566127377 3.321928094887362
28 1.077921453847103 5.857980995127572
28 1.077921453847103 2.807354922057604
29 1.1160461436887914 6.266786540694901
29 1.1160461436887914 2.321928094887362
30 1.1695535671639958 4.954196310386875
30 1.1695535671639958 2.321928094887362
31 1.2368811852936936 5.044394119358453
31 1.2368811852936936 2.807354922057604
32 1.2967723025699118 5.882643049361842
32 1.2967723025699118 3.321928094887362
33 1.353880284716996 5.78135971352466
33 1.353880284716996 3.0
34 1.4302273117914976 5.930737337562887
34 1.4302273117914976 3.4594316186372973
35 1.4836961949616594 6.870364719583405
35 1.4836961949616594 3.700439718141092
36 1.5492325373838216 6.727920454563199
36 1.5492325373838216 3.807354922057604
37 1.609379493765575 7.044394119358453
37 1.609379493765575 4.321928094887363
38 1.66551578361743 7.159871336778389
38 1.66551578361743 4.807354922057604
39 1.722526052697185 7.451211111832329
39 1.722526052697185 4.954196310386875
40 1.7683644016327764 7.727920454563199
40 1.7683644016327764 4.754887502163468
41 1.8284355362340114 7.247927513443585
41 1.8284355362340114 4.857980995127572
42 1.8791794060132658 7.651051691178929
42 1.8791794060132658 4.321928094887363
43 1.9581737255449227 6.754887502163468
43 1.9581737255449227 3.807354922057604
44 2.066805681258201 6.392317422778761
