0 0 ground 0.3636938646426312 1.0 0.6040480708412397
0 1 inner 0.3130929791271345 1.0 0.6546489563567364 42
0 0 ceil 0.26249209361163817 1.0 0.7052498418722328
0 1 outer 0.2882856681495759 0.9368822541799403 0.8559892040088822
0 1 next 0.16129032258064513 1.0 0.8064516129032259
1 1 ground 0.78 0.78 0.78
1 2 inner 0.9962049335863377 0.9302832244008717 0.0 5
1 1 ceil 1.0 0.8867102396514164 0.0
1 2 outer 0.9582542694497153 0.973856209150327 0.009487666034155628
1 2 next 0.2371916508538899 1.0 0.7305502846299811
2 2 ground 0.5154965211891207 1.0 0.4522454142947502
2 3 inner 0.5028462998102466 1.0 0.46489563567362435 507
2 2 ceil 0.78 0.78 0.78
2 3 outer 0.6861775339550207 0.7607675486284 0.7923666127179059
