0 0 16.3707895577678
1 0.01862032446206842 18.13623016527164
1 0.01862032446206842 15.199634007405198
2 0.038460090111571865 17.229194343418428
2 0.038460090111571865 14.458727005660707
3 0.059089562245513226 16.614163439520418
3 0.059089562245513226 13.889408896030407
4 0.08051152248639602 16.06337401374215
4 0.08051152248639602 13.384109183736607
5 0.10234618992968404 15.603829151772002
5 0.10234618992968404 12.899356922923111
6 0.12465125050542313 15.139871063212487
6 0.12465125050542313 12.538431462950005
7 0.1476632570699971 14.7688046164558
7 0.1476632570699971 12.222493052246467
8 0.1708864539525658 14.512061416752163
8 0.1708864539525658 11.911017407796985
9 0.19459027549344812 14.203500952361395
9 0.19459027549344812 11.69479315499995
10 0.2188091180734107 14.000616254183969
10 0.2188091180734107 11.536247215688128
11 0.24319066089142735 13.845588056789383
11 0.24319066089142735 11.325305455089682
12 0.26802175855554755 13.649368462612198
12 0.26802175855554755 11.156083076288681
13 0.29307970079837664 13.539280000157696
13 0.29307970079837664 11.06204613772049
14 0.3184965003472099 13.362217815913079
14 0.3184965003472099 10.90839262077375
15 0.3444482585264262 13.16679075071818
15 0.3444482585264262 10.680359523513713
16 0.3710036282462089 13.075980462416286
16 0.3710036282462089 10.53430288245463
17 0.39854128465530064 12.879200317947392
17 0.39854128465530064 10.436711542137214
18 0.4262703274764267 12.761966695382092
18 0.4262703274764267 10.245552706255681
19 0.45364283965339525 12.511011352882239
19 0.45364283965339525 9.99859042974533
20 0.4814383531915068 12.303780748177102
20 0.4814383531915068 9.821773981970567
21 0.5108311412350797 12.130892269806624
21 0.5108311412350797 9.758223214726724
22 0.5389532061526932 12.080484457067568
22 0.5389532061526932 9.51175265376738
23 0.5678319966690971 11.812979471251483
23 0.5678319966690971 9.259743263690781
24 0.5976104107928276 11.558420713268664
24 0.5976104107928276 8.98299357469431
25 0.6279338559038917 11.31741261376487
25 0.6279338559038917 8.888743248898258
26 0.6593025773257875 11.086799685623452
26 0.6593025773257875 8.625708843064466
27 0.6906924837476466 11.057314877782703
27 0.6906924837476466 8.59618975614441
28 0.7224364497975917 10.873444112515376
28 0.7224364497975917 8.46352437327118
29 0.756448902252798 10.664447284547972
29 0.756448902252798 8.312882955284355
30 0.7904006818915785 10.526499239136566
30 0.7904006818915785 8.03342300153745
31 0.8255013466312744 10.28886607416582
31 0.8255013466312744 7.679480099505446
32 0.8629850423622603 9.832890014164741
32 0.8629850423622603 7.219168520462161
33 0.9043619127041562 9.521600439723727
33 0.9043619127041562 7.0
34 0.944355304718961 9.087462841250339
34 0.944355304718961 6.066089190457772
35 0.991548590456345 8.271463027904375
35 0.991548590456345 6.022367813028454
36 1.0384354429857496 8.038918989292302
36 1.0384354429857496 5.523561956057013
37 1.0724517302908572 7.754887502163468
37 1.0724517302908572 4.459431618637297
38 1.1209733109484137 6.857980995127572
38 1.1209733109484137 4.807354922057604
39 1.167873508982943 7.098032082960526
39 1.167873508982943 4.906890595608519
40 1.2102447267492455 7.3750394313469245
40 1.2102447267492455 4.857980995127572
41 1.2512543121418835 7.149747119504682
41 1.2512543121418835 4.392317422778761
42 1.3016233964022732 6.614709844115208
42 1.3016233964022732 4.169925001442312
43 1.364683493368027 6.930737337562887
43 1.364683493368027 5.044394119358453
44 1.4254179054233338 7.794415866350106
44 1.4254179054233338 5.426264754702098
45 1.4489017841856873 7.622051819456376
45 1.4489017841856873 1.584962500721156
46 1.6090101957424083 3.700439718141092
46 1.6090101957424083 3.700439718141092
47 1.9723030613089452 0.0
