0 0 ground 0.78 0.78 0.78
0 1 inner 0.6584479064270722 0.7618371044315327 0.7984443849140491 4
0 0 ceil 0.4244175515106938 0.8758603598017284 0.8767113570504048
0 1 outer 0.5412362843946363 0.7967522210140249 0.8326193660612218
0 1 next 0.4692023291199692 0.8406319062993787 0.8588481814991242
1 1 ground 0.78 0.78 0.78
1 2 inner 0.36060372046739464 0.9039125105859684 0.8717814379605614 2
1 1 ceil 0.3763440860215053 1.0 0.5913978494623656
1 2 outer 0.3763440860215053 1.0 0.5913978494623656
1 2 next 0.3763440860215053 1.0 0.5913978494623656
2 2 ground 0.78 0.78 0.78
2 3 inner 0.36060372046739464 0.9039125105859684 0.8717814379605614 6
2 2 ceil 0.3763440860215053 1.0 0.5913978494623656
2 3 outer 0.3763440860215053 1.0 0.5913978494623656
2 3 next 0.3763440860215053 1.0 0.5913978494623656
3 3 ground 0.78 0.78 0.78
3 4 inner 0.21189120809614148 1.0 0.7558507273877295 2
3 3 ceil 0.8697027197975963 1.0 0.0980392156862745
3 4 outer 0.8697027197975963 1.0 0.0980392156862745
3 4 next 0.8697027197975963 1.0 0.0980392156862745
4 4 ground 0.78 0.78 0.78
4 5 inner 0.5787476280834913 1.0 0.38899430740037955 1
4 4 ceil 1.0 0.5816993464052289 0.0
4 5 outer 1.0 0.5816993464052289 0.0
4 5 next 1.0 0.5816993464052289 0.0
5 5 ground 0.78 0.78 0.78
5 6 inner 0.5787476280834913 1.0 0.38899430740037955 3
5 5 ceil 1.0 0.5816993464052289 0.0
5 6 outer 1.0 0.5816993464052289 0.0
5 6 next 1.0 0.5816993464052289 0.0
6 6 ground 0.78 0.78 0.78
6 7 inner 0.5787476280834913 1.0 0.38899430740037955 0
6 6 ceil 1.0 0.5816993464052289 0.0
6 7 outer 1.0 0.5816993464052289 0.0
6 7 next 1.0 0.5816993464052289 0.0
7 7 ground 0.78 0.78 0.78
7 8 inner 0.5787476280834913 1.0 0.38899430740037955 4
7 7 ceil 1.0 0.5816993464052289 0.0
7 8 outer 1.0 0.5816993464052289 0.0
7 8 next 1.0 0.5816993464052289 0.0
8 8 ground 0.78 0.78 0.78
8 9 inner 0.5787476280834913 1.0 0.38899430740037955 0
8 8 ceil 1.0 0.5816993464052289 0.0
8 9 outer 1.0 0.5816993464052289 0.0
8 9 next 1.0 0.5816993464052289 0.0
9 9 ground 0.5 0.0 0.0
9 10 inner 1.0 0.5816993464052289 0.0 3
9 9 ceil 0.78 0.78 0.78
9 10 outer 1.0 0.5526506899055921 0.0
