0 0 disc 0.5913978494623655 1.0 0.3763440860215054
0 1 inner 0.2245414294750158 1.0 0.7432005060088551 2707
0 1 outer 0.148640101201771 1.0 0.8191018342820999
1 1 disc 0.6799493991144844 1.0 0.2877925363693865
1 2 inner 0.4142947501581275 1.0 0.5534471853257434 2893
1 2 outer 0.08538899430740036 1.0 0.8823529411764706
2 2 disc 1.0 0.9157588961510532 0.0
2 3 inner 0.21189120809614148 1.0 0.7558507273877295 1380
2 3 outer 0.0 0.7705882352941177 1.0
3 3 disc 1.0 0.5236020334059556 0.0
3 4 inner 0.38899430740037944 1.0 0.5787476280834916 558
3 4 outer 0.0 0.6137254901960785 1.0
4 4 disc 0.5 0.0 0.0
4 5 inner 1.0 0.13144517066085715 0.0 6
4 5 outer 0.7139037433155082 0.0 0.0
5 5 disc 0.7673796791443852 0.0 0.0
5 6 inner 0.8386809269162212 0.0 0.0 30
5 6 outer 1.0 0.08787218591140178 0.0
6 6 disc 0.0 0.0 0.5
6 7 inner 0.8743315508021392 0.0 0.0 4
6 7 outer 0.5 0.0 0.0
7 7 disc 0.7673796791443852 0.0 0.0
7 8 inner 0.0 0.0 0.5 137
