0 0 disc 0.0 0.0 0.606951871657754
0 1 inner 0.0 0.0 0.553475935828877 281892
0 1 outer 0.0 0.0 0.535650623885918
1 1 disc 0.0 0.0 0.713903743315508
1 2 inner 0.0 0.0 0.606951871657754 117027
1 2 outer 0.0 0.0 0.571301247771836
2 2 disc 0.0 0.0 0.803030303030303
2 3 inner 0.0 0.0 0.642602495543672 69726
2 3 outer 0.0 0.0 0.624777183600713
3 3 disc 0.0 0.0 0.909982174688057
3 4 inner 0.0 0.0 0.713903743315508 43227
3 4 outer 0.0 0.0 0.67825311942959
4 4 disc 0.0 0.0 1.0
4 5 inner 0.0 0.0 0.749554367201426 31066
4 5 outer 0.0 0.0 0.713903743315508
5 5 disc 0.0 0.06470588235294118 1.0
5 6 inner 0.0 0.0 0.838680926916221 19945
5 6 outer 0.0 0.0 0.803030303030303
6 6 disc 0.0 0.11176470588235295 1.0
6 7 inner 0.0 0.0 0.909982174688057 13527
6 7 outer 0.0 0.0 0.909982174688057
7 7 disc 0.0 0.20588235294117635 1.0
7 8 inner 0.0 0.0 0.963458110516934 11558
7 8 outer 0.0 0.0 0.927807486631016
8 8 disc 0.0 0.2529411764705882 1.0
8 9 inner 0.0 0.0 1.0 8446
8 9 outer 0.0 0.0 1.0
9 9 disc 0.0 0.26862745098039204 1.0
9 10 inner 0.0 0.03333333333333333 1.0 6729
9 10 outer 0.0 0.03333333333333333 1.0
10 10 disc 0.0 0.34705882352941175 1.0
10 11 inner 0.0 0.049019607843137254 1.0 6188
10 11 outer 0.0 0.049019607843137254 1.0
11 11 disc 0.0 0.3941176470588234 1.0
11 12 inner 0.0 0.09607843137254903 1.0 5420
11 12 outer 0.0 0.09607843137254903 1.0
12 12 disc 0.0 0.42549019607843136 1.0
12 13 inner 0.0 0.12745098039215685 1.0 5014
12 13 outer 0.0 0.11176470588235295 1.0
13 13 disc 0.0 0.4411764705882353 1.0
13 14 inner 0.0 0.19019607843137254 1.0 4352
13 14 outer 0.0 0.17450980392156862 1.0
14 14 disc 0.0 0.5196078431372549 1.0
14 15 inner 0.0 0.20588235294117635 1.0 3834
14 15 outer 0.0 0.20588235294117635 1.0
15 15 disc 0.0 0.5666666666666667 1.0
15 16 inner 0.0 0.2529411764705882 1.0 3872
15 16 outer 0.0 0.20588235294117635 1.0
16 16 disc 0.0 0.5980392156862745 1.0
16 17 inner 0.0 0.3 1.0 3327
16 17 outer 0.0 0.26862745098039204 1.0
17 17 disc 0.0 0.6764705882352942 1.0
17 18 inner 0.0 0.3 1.0 3568
17 18 outer 0.0 0.2372549019607843 1.0
18 18 disc 0.0 0.7549019607843137 1.0
18 19 inner 0.0 0.3 1.0 2902
18 19 outer 0.0 0.28431372549019607 1.0
19 19 disc 0.0 0.8019607843137255 1.0
19 20 inner 0.0 0.40980392156862744 1.0 2143
19 20 outer 0.0 0.3941176470588234 1.0
20 20 disc 0.0 0.8019607843137255 1.0
20 21 inner 0.0 0.4725490196078431 1.0 1816
20 21 outer 0.0 0.4725490196078431 1.0
21 21 disc 0.009487666034155417 0.9117647058823527 0.9582542694497156
21 22 inner 0.0 0.3941176470588234 1.0 2166
21 22 outer 0.0 0.3627450980392157 1.0
22 22 disc 0.022137887413029723 0.9274509803921569 0.9456040480708413
22 23 inner 0.0 0.5352941176470586 1.0 1489
22 23 outer 0.0 0.5352941176470586 1.0
23 23 disc 0.08538899430740036 1.0 0.8823529411764706
23 24 inner 0.0 0.6294117647058823 1.0 1219
23 24 outer 0.0 0.6137254901960785 1.0
24 24 disc 0.12333965844402275 1.0 0.8444022770398483
24 25 inner 0.0 0.692156862745098 1.0 1082
24 25 outer 0.0 0.692156862745098 1.0
25 25 disc 0.148640101201771 1.0 0.8191018342820999
25 26 inner 0.0 0.7862745098039213 1.0 807
25 26 outer 0.0 0.7862745098039213 1.0
26 26 disc 0.19924098671726753 1.0 0.7685009487666035
26 27 inner 0.0 0.7392156862745098 1.0 843
26 27 outer 0.0 0.7549019607843137 1.0
27 27 disc 0.24984187223276405 1.0 0.717900063251107
27 28 inner 0.0 0.7705882352941177 1.0 799
27 28 outer 0.0 0.8019607843137255 1.0
28 28 disc 0.26249209361163817 1.0 0.7052498418722328
28 29 inner 0.0 0.8647058823529412 0.9962049335863378 698
28 29 outer 0.0 0.8490196078431372 1.0
29 29 disc 0.3383934218848829 1.0 0.629348513598988
29 30 inner 0.0 0.8176470588235294 1.0 693
29 30 outer 0.0 0.8176470588235294 1.0
30 30 disc 0.3636938646426312 1.0 0.6040480708412397
30 31 inner 0.04743833017077798 0.9588235294117647 0.920303605313093 614
30 31 outer 0.0 0.8960784313725491 0.9709044908285895
31 31 disc 0.47754585705249836 1.0 0.4901960784313726
31 32 inner 0.13598987982289687 1.0 0.8317520556609741 412
31 32 outer 0.11068943706514844 1.0 0.8570524984187226
32 32 disc 0.5787476280834913 1.0 0.38899430740037955
32 33 inner 0.19924098671726753 1.0 0.7685009487666035 428
32 33 outer 0.11068943706514844 1.0 0.8570524984187226
33 33 disc 0.6672991777356103 1.0 0.30044275774826057
33 34 inner 0.3130929791271345 1.0 0.6546489563567364 371
33 34 outer 0.0980392156862745 1.0 0.8697027197975965
34 34 disc 0.8823529411764705 1.0 0.08538899430740043
34 35 inner 0.5660974067046173 1.0 0.4016445287792536 163
34 35 outer 0.43959519291587595 1.0 0.5281467425679949
35 35 disc 0.932953826691967 1.0 0.03478810879190386
35 36 inner 0.5913978494623655 1.0 0.3763440860215054 143
35 36 outer 0.4901960784313725 1.0 0.4775458570524984
36 36 disc 1.0 0.8576615831517794 0.0
36 37 inner 0.5281467425679949 1.0 0.439595192915876 113
36 37 outer 0.47754585705249836 1.0 0.4901960784313726
37 37 disc 0.7938013915243516 1.0 0.1739405439595193
37 38 inner 0.9709044908285893 0.9593318809005086 0.0 30
37 38 outer 1.0 0.8867102396514164 0.0
38 38 disc 0.932953826691967 1.0 0.03478810879190386
38 39 inner 0.8570524984187222 1.0 0.11068943706514867 38
38 39 outer 0.9456040480708408 0.9883805374001459 0.022137887413030133
39 39 disc 0.9203036053130929 1.0 0.04743833017077803
39 40 inner 0.831752055660974 1.0 0.1359898798228969 45
39 40 outer 0.8697027197975963 1.0 0.0980392156862745
40 40 disc 0.7938013915243516 1.0 0.1739405439595193
40 41 inner 0.9456040480708408 0.9883805374001459 0.022137887413030133 36
40 41 outer 0.9582542694497153 0.973856209150327 0.009487666034155628
41 41 disc 0.8697027197975963 1.0 0.0980392156862745
41 42 inner 0.9835547122074635 0.9448075526506902 0.0 26
41 42 outer 1.0 0.8140885984023241 0.0
42 42 disc 1.0 0.6833696441539581 0.0
42 43 inner 0.7938013915243516 1.0 0.1739405439595193 36
42 43 outer 0.9203036053130929 1.0 0.04743833017077803
43 43 disc 1.0 0.8867102396514164 0.0
43 44 inner 0.5281467425679949 1.0 0.439595192915876 147
43 44 outer 0.5407969639468686 1.0 0.4269449715370023
44 44 disc 0.9456040480708408 0.9883805374001459 0.022137887413030133
44 45 inner 0.6925996204933585 1.0 0.27514231499051234 257
44 45 outer 0.0 0.5509803921568628 1.0
45 45 disc 0.0 0.0 0.5
45 46 inner 0.8386809269162212 0.0 0.0 3
45 46 outer 0.8386809269162212 0.0 0.0
46 46 disc 0.7852049910873442 0.0 0.0
46 47 inner 0.0 0.0 0.5 17
