0 0 ground 0.6349726520795868 0.7649794672613015 0.8042668849274807
0 1 inner 0.6485367679906091 0.7629179081262946 0.8008309811920167 1795
0 0 ceil 0.7462033411549315 0.7688077611123106 0.7827563867228834
0 1 outer 0.7612905067614347 0.7731837567435489 0.7812536730797152
0 1 next 0.6794847352545126 0.7607582063772447 0.7937488374869426
1 1 ground 0.3157900165326001 0.9240964875940171 0.8631507733641794
1 2 inner 0.40893156842505074 0.8831332999964265 0.8768618781051227 556
1 1 ceil 0.769927646576461 0.776136319095033 0.7805867509421157
1 2 outer 0.7212105264505212 0.7636817210929906 0.7861039767975867
1 2 next 0.7635448716722736 0.773922637667952 0.7810655296207968
2 2 ground 1.0 0.5236020334059556 0.0
2 3 inner 0.932953826691967 1.0 0.03478810879190386 123
2 2 ceil 0.7327939234704951 0.76573379462822 0.7844265812797652
2 3 outer 0.5431113884711398 0.7958285755926041 0.8319829253073732
2 3 next 0.6516508625376962 0.7625393151240223 0.8000695618871705
3 3 ground 0.78 0.78 0.78
3 4 inner 0.589126559714795 0.0 0.0 4
3 3 ceil 0.5 0.0 0.0
3 4 outer 0.5 0.0 0.0
3 4 next 0.5 0.0 0.0
4 4 ground 0.78 0.78 0.78
4 5 inner 0.589126559714795 0.0 0.0 4
4 4 ceil 0.5 0.0 0.0
4 5 outer 0.5 0.0 0.0
4 5 next 0.5 0.0 0.0
5 5 ground 0.78 0.78 0.78
5 6 inner 0.589126559714795 0.0 0.0 5
5 5 ceil 0.5 0.0 0.0
5 6 outer 0.5 0.0 0.0
5 6 next 1.0 0.20406681190994935 0.0
6 6 ground 0.5 0.0 0.0
6 7 inner 0.8921568627450983 0.0 0.0 148
6 6 ceil 0.78 0.78 0.78
6 7 outer 0.24322394680635562 0.9584311151649348 0.8412027740817464
