0 0 5.044394119358453 ground
1 0.08004978567577645 8.252665432450248 inner
1 0.08004978567577645 11.530893981193922 outer
1 0.08004978567577645 3.700439718141092 ground
2 0.1691975552543873 6.569855608330948 inner
2 0.1691975552543873 8.632995197142957 outer
2 0.1691975552543873 4.754887502163468 ground
3 0.2624018191954274 7.03342300153745 inner
3 0.2624018191954274 10.63117705570398 outer
3 0.2624018191954274 2.321928094887362 ground
4 0.4458734984419649 5.321928094887363 inner
4 0.4458734984419649 9.79603960882977 outer
