0 0 3.807354922057604 ground
1 0.10412264281360478 3.0 inner
1 0.10412264281360478 4.459431618637297 outer
1 0.10412264281360478 2.321928094887362 ground
2 0.24121124899597327 2.321928094887362 inner
2 0.24121124899597327 5.392317422778761 outer
2 0.24121124899597327 2.0 ground
3 0.43846937504748484 1.584962500721156 inner
3 0.43846937504748484 2.584962500721156 outer
3 0.43846937504748484 1.584962500721156 ground
4 0.6393005530967826 1.584962500721156 inner
4 0.6393005530967826 5.044394119358453 outer
4 0.6393005530967826 1.584962500721156 ground
5 0.9362413654877201 1.0 inner
5 0.9362413654877201 2.807354922057604 outer
