0 0 4.087462841250339 ground
1 0.094461819388804 3.321928094887362 inner
1 0.094461819388804 5.20945336562895 outer
1 0.094461819388804 2.584962500721156 ground
2 0.23102569461898148 2.321928094887362 inner
2 0.23102569461898148 6.285402218862249 outer
2 0.23102569461898148 2.0 ground
3 0.39018063771087685 2.0 inner
3 0.39018063771087685 4.906890595608519 outer
3 0.39018063771087685 1.584962500721156 ground
4 0.5910118157601746 1.584962500721156 inner
4 0.5910118157601746 4.0 outer
4 0.5910118157601746 1.584962500721156 ground
5 0.9711429127885014 0.0 inner
5 0.9711429127885014 4.857980995127572 outer
