0 0 disc 0.0 0.1588235294117647 1.0
0 1 inner 0.0 0.0 0.945632798573975 59186
0 1 outer 0.0 0.0 0.803030303030303
1 1 disc 0.0 0.4411764705882353 1.0
1 2 inner 0.0 0.03333333333333333 1.0 26447
1 2 outer 0.0 0.0 0.999108734402852
2 2 disc 0.0 0.707843137254902 1.0
2 3 inner 0.0 0.1588235294117647 1.0 14175
2 3 outer 0.0 0.08039215686274499 1.0
3 3 disc 0.0 0.8960784313725491 0.9709044908285895
3 4 inner 0.0 0.42549019607843136 1.0 6041
3 4 outer 0.0 0.3784313725490196 1.0
4 4 disc 0.11068943706514844 1.0 0.8570524984187226
4 5 inner 0.0 0.503921568627451 1.0 4236
4 5 outer 0.0 0.503921568627451 1.0
5 5 disc 0.19924098671726753 1.0 0.7685009487666035
5 6 inner 0.0 0.6764705882352942 1.0 3454
5 6 outer 0.0 0.5823529411764706 1.0
6 6 disc 0.2877925363693864 1.0 0.6799493991144845
6 7 inner 0.0 0.8176470588235294 1.0 2141
6 7 outer 0.0 0.7705882352941177 1.0
7 7 disc 0.4016445287792536 1.0 0.5660974067046174
7 8 inner 0.0 0.692156862745098 1.0 2506
7 8 outer 0.0 0.6450980392156863 1.0
8 8 disc 0.45224541429475007 1.0 0.5154965211891208
8 9 inner 0.009487666034155417 0.9117647058823527 0.9582542694497156 1311
8 9 outer 0.04743833017077798 0.9588235294117647 0.920303605313093
9 9 disc 0.45224541429475007 1.0 0.5154965211891208
9 10 inner 0.022137887413029723 0.9274509803921569 0.9456040480708413 1950
9 10 outer 0.0 0.8333333333333334 1.0
10 10 disc 0.5407969639468686 1.0 0.4269449715370023
10 11 inner 0.13598987982289687 1.0 0.8317520556609741 1243
10 11 outer 0.11068943706514844 1.0 0.8570524984187226
11 11 disc 0.6546489563567361 1.0 0.31309297912713474
11 12 inner 0.08538899430740036 1.0 0.8823529411764706 1124
11 12 outer 0.07273877292852624 0.9901960784313726 0.8950031625553447
12 12 disc 0.6672991777356103 1.0 0.30044275774826057
12 13 inner 0.2751423149905123 1.0 0.6925996204933587 924
12 13 outer 0.19924098671726753 1.0 0.7685009487666035
13 13 disc 0.730550284629981 1.0 0.23719165085388993
13 14 inner 0.19924098671726753 1.0 0.7685009487666035 1066
13 14 outer 0.07273877292852624 0.9901960784313726 0.8950031625553447
14 14 disc 0.8191018342820998 1.0 0.14864010120177107
14 15 inner 0.38899430740037944 1.0 0.5787476280834916 721
14 15 outer 0.3257432005060088 1.0 0.6419987349778622
15 15 disc 0.831752055660974 1.0 0.1359898798228969
15 16 inner 0.5660974067046173 1.0 0.4016445287792536 351
15 16 outer 0.5660974067046173 1.0 0.4016445287792536
16 16 disc 0.932953826691967 1.0 0.03478810879190386
16 17 inner 0.6166982922201137 1.0 0.35104364326375714 396
16 17 outer 0.5407969639468686 1.0 0.4269449715370023
17 17 disc 1.0 0.9157588961510532 0.0
17 18 inner 0.5028462998102466 1.0 0.46489563567362435 329
17 18 outer 0.5660974067046173 1.0 0.4016445287792536
18 18 disc 1.0 0.7850399419026872 0.0
18 19 inner 0.844402277039848 1.0 0.12333965844402273 178
18 19 outer 0.8064516129032256 1.0 0.16129032258064513
19 19 disc 1.0 0.872185911401598 0.0
19 20 inner 0.932953826691967 1.0 0.03478810879190386 105
19 20 outer 0.9835547122074635 0.9448075526506902 0.0
20 20 disc 1.0 0.6978939724037765 0.0
20 21 inner 0.932953826691967 1.0 0.03478810879190386 275
20 21 outer 0.6166982922201137 1.0 0.35104364326375714
21 21 disc 1.0 0.34931009440813376 0.0
21 22 inner 0.8823529411764705 1.0 0.08538899430740043 156
21 22 outer 0.5154965211891207 1.0 0.4522454142947502
22 22 disc 1.0 0.1023965141612202 0.0
22 23 inner 1.0 0.18954248366013093 0.0 4
22 23 outer 0.8386809269162212 0.0 0.0
23 23 disc 0.606951871657754 0.0 0.0
23 24 inner 1.0 0.2331154684095862 0.0 7
23 24 outer 0.9812834224598939 0.058823529411765274 0.0
24 24 disc 0.8386809269162212 0.0 0.0
24 25 inner 0.5 0.0 0.0 8
24 25 outer 0.9099821746880573 0.0007262164124910431 0.0
25 25 disc 0.0 0.0 0.5
25 26 inner 0.7139037433155082 0.0 0.0 2
25 26 outer 0.5 0.0 0.0
26 26 disc 0.7139037433155082 0.0 0.0
26 27 inner 1.0 0.7269426289034134 0.0 34
26 27 outer 1.0 0.6543209876543212 0.0
27 27 disc 0.0 0.0 0.5
27 28 inner 0.5 0.0 0.0 2
27 28 outer 0.5 0.0 0.0
28 28 disc 0.0 0.0 0.5
28 29 inner 0.6247771836007131 0.0 0.0 2
28 29 outer 0.5 0.0 0.0
29 29 disc 0.8386809269162212 0.0 0.0
29 30 inner 0.9812834224598939 0.058823529411765274 0.0 10
29 30 outer 0.9634581105169343 0.04429920116194641 0.0
30 30 disc 0.0 0.0 0.5
30 31 inner 1.0 0.1750181554103124 0.0 8
30 31 outer 0.7852049910873442 0.0 0.0
31 31 disc 0.9099821746880573 0.0007262164124910431 0.0
31 32 inner 1.0 0.872185911401598 0.0 66
31 32 outer 1.0 0.7269426289034134 0.0
32 32 disc 1.0 0.1023965141612202 0.0
32 33 inner 0.9991087344028523 0.07334785766158336 0.0 18
32 33 outer 1.0 0.16049382716049398 0.0
33 33 disc 0.0 0.0 0.5
33 34 inner 0.8386809269162212 0.0 0.0 6
33 34 outer 0.7317290552584672 0.0 0.0
34 34 disc 0.5 0.0 0.0
34 35 inner 0.8386809269162212 0.0 0.0 4
34 35 outer 0.8030303030303032 0.0 0.0
35 35 disc 1.0 0.1023965141612202 0.0
35 36 inner 1.0 0.1023965141612202 0.0 6
35 36 outer 1.0 0.08787218591140178 0.0
36 36 disc 1.0 0.3057371096586785 0.0
36 37 inner 1.0 0.4219317356572261 0.0 9
36 37 outer 1.0 0.1750181554103124 0.0
37 37 disc 1.0 0.27668845315904156 0.0
37 38 inner 1.0 0.5671750181554105 0.0 15
37 38 outer 1.0 0.24763979665940472 0.0
38 38 disc 0.8030303030303032 0.0 0.0
38 39 inner 1.0 0.3783587509077707 0.0 9
38 39 outer 1.0 0.08787218591140178 0.0
39 39 disc 0.8386809269162212 0.0 0.0
39 40 inner 1.0 0.21859114015976777 0.0 9
39 40 outer 1.0 0.11692084241103862 0.0
40 40 disc 0.0 0.0 0.5
40 41 inner 0.5 0.0 0.0 1
40 41 outer 0.5 0.0 0.0
41 41 disc 0.0 0.0 0.5
41 42 inner 1.0 0.2331154684095862 0.0 3
41 42 outer 0.8030303030303032 0.0 0.0
42 42 disc 1.0 0.1750181554103124 0.0
42 43 inner 1.0 0.2331154684095862 0.0 41
42 43 outer 1.0 0.4219317356572261 0.0
43 43 disc 0.0 0.0 0.5
43 44 inner 0.9099821746880573 0.0007262164124910431 0.0 2
43 44 outer 0.5 0.0 0.0
44 44 disc 0.7673796791443852 0.0 0.0
44 45 inner 0.0 0.0 0.5 53
