0 0 ground 0.78 0.78 0.78
0 1 inner 0.5695146953923138 0.7840410594904124 0.8232985849978598 5
0 0 ceil 0.2068390680869484 0.9763367696724471 0.8265102291161193
0 1 outer 0.41352458868246256 0.8812160961280027 0.8771165343794617
0 1 next 0.2691928636976967 0.9459243289116267 0.8501862178833529
1 1 ground 0.78 0.78 0.78
1 2 inner 0.2691928636976967 0.9459243289116267 0.8501862178833529 8
1 1 ceil 0.5787476280834913 1.0 0.38899430740037955
1 2 outer 0.5787476280834913 1.0 0.38899430740037955
1 2 next 0.5787476280834913 1.0 0.38899430740037955
2 2 ground 0.78 0.78 0.78
2 3 inner 0.2068390680869484 0.9763367696724471 0.8265102291161193 2
2 2 ceil 0.8697027197975963 1.0 0.0980392156862745
2 3 outer 0.6166982922201137 1.0 0.35104364326375714
2 3 next 0.9835547122074635 0.9448075526506902 0.0
3 3 ground 0.78 0.78 0.78
3 4 inner 0.5787476280834913 1.0 0.38899430740037955 1
3 3 ceil 1.0 0.5816993464052289 0.0
3 4 outer 1.0 0.5816993464052289 0.0
3 4 next 1.0 0.5816993464052289 0.0
4 4 ground 0.78 0.78 0.78
4 5 inner 0.5787476280834913 1.0 0.38899430740037955 1
4 4 ceil 1.0 0.5816993464052289 0.0
4 5 outer 1.0 0.5816993464052289 0.0
4 5 next 1.0 0.5816993464052289 0.0
5 5 ground 0.78 0.78 0.78
5 6 inner 0.5787476280834913 1.0 0.38899430740037955 3
5 5 ceil 1.0 0.5816993464052289 0.0
5 6 outer 1.0 0.5816993464052289 0.0
5 6 next 1.0 0.5816993464052289 0.0
6 6 ground 0.5 0.0 0.0
6 7 inner 1.0 0.5816993464052289 0.0 2
6 6 ceil 0.78 0.78 0.78
6 7 outer 1.0 0.6688453159041396 0.0
