0 0 18.98578357976905
1 0.01600327368955001 19.640610351780957
1 0.01600327368955001 17.764294967531704
2 0.03298331149362656 18.722077061940894
2 0.03298331149362656 17.063658399663527
3 0.05063336195493716 18.09863870015843
3 0.05063336195493716 16.522167714623972
4 0.0688685783080397 17.590674759739112
4 0.0688685783080397 16.07265601385425
5 0.0876204654587936 17.147681927770474
5 0.0876204654587936 15.652480892991282
6 0.10689410279882103 16.71925511302617
6 0.10689410279882103 15.240269602231635
7 0.12670147499373796 16.272356410936563
7 0.12670147499373796 14.797306887280302
8 0.14702852378161005 15.800520778753919
8 0.14702852378161005 14.289082289234173
9 0.1680884071926524 15.27506963077122
9 0.1680884071926524 13.787086324551616
10 0.18986891471585549 14.739200462241277
10 0.18986891471585549 13.231221180711186
11 0.2124422691901975 14.159634861699447
11 0.2124422691901975 12.646108641506103
12 0.2360490879365834 13.560093957642495
12 0.2360490879365834 12.075479149488016
13 0.26057643614227505 13.002815015607053
13 0.26057643614227505 11.491352073563435
14 0.2864563835691863 12.3888245380236
14 0.2864563835691863 10.940313597145968
15 0.3135674192710036 11.832098846039134
15 0.3135674192710036 10.398743691938193
16 0.34176958581779215 11.321928094887362
16 0.34176958581779215 9.854868383260236
17 0.37163406972388235 10.72451385311995
17 0.37163406972388235 9.30149619498255
18 0.4025442538861512 10.14338321398982
18 0.4025442538861512 8.611024797307353
19 0.43646882775773704 9.603626344986193
19 0.43646882775773704 8.247927513443585
20 0.47114609295441473 9.199672344836364
20 0.47114609295441473 7.794415866350106
21 0.5077968795839739 8.632995197142957
21 0.5077968795839739 7.2384047393250786
22 0.5463283960528805 8.134426320220927
22 0.5463283960528805 6.700439718141092
23 0.5891873695568093 7.774787059601174
23 0.5891873695568093 6.6293566200796095
24 0.6302161990980634 7.483815777264256
24 0.6302161990980634 5.882643049361842
25 0.6783268706458583 6.882643049361842
25 0.6783268706458583 5.426264754702098
26 0.731975830975675 6.554588851677638
26 0.731975830975675 5.321928094887363
27 0.7849141181685293 6.022367813028454
27 0.7849141181685293 4.754887502163468
28 0.8442821370782105 5.392317422778761
28 0.8442821370782105 4.392317422778761
29 0.8942235799701924 4.807354922057604
29 0.8942235799701924 3.169925001442312
30 0.9799166127545575 4.321928094887363
30 0.9799166127545575 3.321928094887362
31 1.05495250158514 3.807354922057604
31 1.05495250158514 2.584962500721156
32 1.143911948641937 3.169925001442312
32 1.143911948641937 2.321928094887362
33 1.395683071143449 2.0
