0 0 6.20945336562895
1 0.008301557146332197 9.280770770130603
1 0.008301557146332197 1.584962500721156
2 0.09770321419666142 5.129283016944966
2 0.09770321419666142 3.169925001442312
3 0.20699157934707937 5.832890014164741
3 0.20699157934707937 2.321928094887362
4 0.2646106412193459 6.820178962415188
4 0.2646106412193459 2.584962500721156
5 0.3287228582184434 6.0
5 0.3287228582184434 2.584962500721156
6 0.3660036374363954 6.087462841250339
6 0.3660036374363954 2.321928094887362
7 0.40364469736457864 5.672425341971495
7 0.40364469736457864 2.0
8 0.5432939802580685 5.087462841250339
8 0.5432939802580685 3.700439718141092
9 0.6676800705401363 6.409390936137702
