0 0 ground 0.2371916508538899 1.0 0.7305502846299811
0 1 inner 0.21705866289232012 0.9712639598344979 0.8308845106877583 711
0 0 ceil 0.7652629174129919 0.7745007564341885 0.780928753863819
0 1 outer 0.726701095897328 0.7645854744758218 0.7852827470288616
0 1 next 0.7436140062659948 0.7681550348598021 0.7830552149562962
1 1 ground 0.78 0.78 0.78
1 2 inner 0.553475935828877 0.0 0.0 3
1 1 ceil 0.5 0.0 0.0
1 2 outer 0.5 0.0 0.0
1 2 next 0.730550284629981 1.0 0.23719165085388993
2 2 ground 1.0 0.9012345679012348 0.0
2 3 inner 1.0 0.9157588961510532 0.0 327
2 2 ceil 0.78 0.78 0.78
2 3 outer 0.4084654538301501 0.8833284455460034 0.8768338230584017
