0 0 4.392317422778761 ground
1 0.10114334208918986 3.0 inner
1 0.10114334208918986 5.20945336562895 outer
1 0.10114334208918986 2.321928094887362 ground
2 0.23823194827155836 2.321928094887362 inner
2 0.23823194827155836 5.087462841250339 outer
2 0.23823194827155836 2.321928094887362 ground
3 0.37532055445392687 2.321928094887362 inner
3 0.37532055445392687 4.906890595608519 outer
3 0.37532055445392687 2.0 ground
4 0.5344754975458222 2.0 inner
4 0.5344754975458222 3.807354922057604 outer
4 0.5344754975458222 2.0 ground
5 0.6936304406377176 2.0 inner
5 0.6936304406377176 5.247927513443585 outer
5 0.6936304406377176 1.584962500721156 ground
6 0.9905712530286551 1.0 inner
6 0.9905712530286551 4.392317422778761 outer
