0 0 5.727920454563199
1 0.0379344798915074 6.20945336562895
1 0.0379344798915074 3.169925001442312
2 0.07587107429545906 6.0
2 0.07587107429545906 2.0
3 0.13141507665265967 5.727920454563199
3 0.13141507665265967 1.0
4 0.1840793127454393 5.459431618637297
4 0.1840793127454393 2.0
5 0.20485552930154738 5.554588851677638
5 0.20485552930154738 1.0
6 0.2311876473479372 5.459431618637297
6 0.2311876473479372 1.0
7 0.37494604519608754 5.459431618637297
7 0.37494604519608754 2.0
8 0.5436509360829122 6.965784284662087
