0 0 4.247927513443585 ground
1 0.08794422864982984 3.584962500721156 inner
1 0.08794422864982984 5.977279923499917 outer
1 0.08794422864982984 3.169925001442312 ground
2 0.19394024556387468 3.0 inner
2 0.19394024556387468 6.539158811108031 outer
2 0.19394024556387468 2.584962500721156 ground
3 0.3305041207940521 2.321928094887362 inner
3 0.3305041207940521 5.857980995127572 outer
3 0.3305041207940521 2.0 ground
4 0.4896590638859475 2.0 inner
4 0.4896590638859475 4.643856189774724 outer
4 0.4896590638859475 1.584962500721156 ground
5 0.6904902419352452 1.584962500721156 inner
5 0.6904902419352452 3.584962500721156 outer
5 0.6904902419352452 1.584962500721156 ground
6 0.891321419984543 1.584962500721156 inner
6 0.891321419984543 4.523561956057013 outer
6 0.891321419984543 1.584962500721156 ground
7 1.0921525980338407 1.584962500721156 inner
7 1.0921525980338407 3.584962500721156 outer
7 1.0921525980338407 1.584962500721156 ground
8 1.2929837760831384 1.584962500721156 inner
8 1.2929837760831384 4.906890595608519 outer
8 1.2929837760831384 1.584962500721156 ground
9 1.589924588474076 1.0 inner
9 1.589924588474076 4.247927513443585 outer
