0 0 disc 1.0 0.4509803921568629 0.0
0 1 inner 0.8191018342820998 1.0 0.14864010120177107 203
0 1 outer 1.0 0.7995642701525056 0.0
1 1 disc 1.0 0.6252723311546844 0.0
1 2 inner 1.0 0.4219317356572261 0.0 53
1 2 outer 1.0 0.3638344226579523 0.0
2 2 disc 1.0 0.18954248366013093 0.0
2 3 inner 1.0 0.7269426289034134 0.0 197
2 3 outer 0.932953826691967 1.0 0.03478810879190386
3 3 disc 1.0 0.14596949891067557 0.0
3 4 inner 0.8386809269162212 0.0 0.0 12
3 4 outer 0.7673796791443852 0.0 0.0
4 4 disc 0.7317290552584672 0.0 0.0
4 5 inner 0.0 0.0 0.5 92
