0 0 3.9068905956085187 ground
1 0.08857183509348261 3.584962500721156 inner
1 0.08857183509348261 6.523561956057013 outer
1 0.08857183509348261 3.0 ground
2 0.20178980461828402 2.807354922057604 inner
2 0.20178980461828402 5.977279923499917 outer
2 0.20178980461828402 2.321928094887362 ground
3 0.3388784108006525 2.321928094887362 inner
3 0.3388784108006525 5.523561956057013 outer
3 0.3388784108006525 2.0 ground
4 0.4980333538925479 2.0 inner
4 0.4980333538925479 4.169925001442312 outer
4 0.4980333538925479 1.584962500721156 ground
5 0.6988645319418456 1.584962500721156 inner
5 0.6988645319418456 3.584962500721156 outer
5 0.6988645319418456 1.584962500721156 ground
6 0.8996957099911433 1.584962500721156 inner
6 0.8996957099911433 5.129283016944966 outer
6 0.8996957099911433 1.584962500721156 ground
7 1.100526888040441 1.584962500721156 inner
7 1.100526888040441 3.321928094887362 outer
7 1.100526888040441 1.584962500721156 ground
8 1.3974677004313785 1.0 inner
8 1.3974677004313785 4.321928094887363 outer
