0 0 3.700439718141092 ground
1 0.11802161684900914 2.584962500721156 inner
1 0.11802161684900914 4.643856189774724 outer
1 0.11802161684900914 2.0 ground
2 0.3152797429005207 1.584962500721156 inner
2 0.3152797429005207 5.700439718141093 outer
2 0.3152797429005207 1.584962500721156 ground
3 0.5161109209498185 1.584962500721156 inner
3 0.5161109209498185 3.9068905956085187 outer
3 0.5161109209498185 1.584962500721156 ground
4 0.813051733340756 1.0 inner
4 0.813051733340756 5.584962500721156 outer
