0 0 13.034627039197348
1 0.024141231031093047 15.335285666174252
1 0.024141231031093047 11.76487159073609
2 0.05007344130925457 14.418511490387644
2 0.05007344130925457 10.887982133058454
3 0.07654883506641579 13.641825972041826
3 0.07654883506641579 10.200898605038445
4 0.1048801518647493 12.915505962231931
4 0.1048801518647493 9.677719641641009
5 0.1344672207673027 12.455070307287963
5 0.1344672207673027 9.108524456778168
6 0.1654551042762059 12.144020869266893
6 0.1654551042762059 8.888743248898258
7 0.19857156287019245 11.699572453287269
7 0.19857156287019245 8.588714635582264
8 0.229621372832577 11.532842910961282
8 0.229621372832577 8.164906926675688
9 0.2645886137627057 11.094737505048093
9 0.2645886137627057 8.139551352398794
10 0.2990088090870049 11.135067945777816
10 0.2990088090870049 7.78135971352466
11 0.33555559579353894 10.689124404913258
11 0.33555559579353894 7.507794640198696
12 0.37221897319133823 10.425215903299383
12 0.37221897319133823 7.149747119504682
13 0.41428336326804066 10.228818690495881
13 0.41428336326804066 7.149747119504682
14 0.45436321556086895 9.98299357469431
14 0.45436321556086895 6.584962500721156
15 0.4957215069292049 9.535275376620802
15 0.4957215069292049 6.409390936137702
16 0.5413314561912598 9.052568050804153
16 0.5413314561912598 6.20945336562895
17 0.5904638742836573 8.787902559391432
17 0.5904638742836573 5.754887502163468
18 0.6351700471117645 8.459431618637296
18 0.6351700471117645 5.321928094887363
19 0.6846782067221487 8.005624549193879
19 0.6846782067221487 5.087462841250339
20 0.7463726801771141 7.622051819456376
20 0.7463726801771141 5.321928094887363
21 0.8107340895047229 7.409390936137702
21 0.8107340895047229 4.392317422778761
22 0.8422274096610318 6.20945336562895
22 0.8422274096610318 2.0
23 0.9130151299181691 4.321928094887363
23 0.9130151299181691 1.584962500721156
24 1.003993398739583 4.459431618637297
24 1.003993398739583 2.321928094887362
25 1.0763702517283542 4.321928094887363
25 1.0763702517283542 1.0
26 1.2694784634142122 3.4594316186372973
26 1.2694784634142122 2.0
27 1.2914720922483023 5.357552004618084
27 1.2914720922483023 1.0
28 1.3496034563747752 3.4594316186372973
28 1.3496034563747752 1.0
29 1.4658661846277212 3.4594316186372973
29 1.4658661846277212 2.0
30 1.521723406957308 4.584962500721156
30 1.521723406957308 1.584962500721156
31 1.6549510642510519 4.247927513443585
31 1.6549510642510519 2.321928094887362
32 1.71461073272462 5.672425341971495
32 1.71461073272462 2.321928094887362
33 1.774179624413456 4.954196310386875
33 1.774179624413456 1.584962500721156
34 1.8330764876216528 4.087462841250339
34 1.8330764876216528 1.584962500721156
35 1.9051206727452565 4.169925001442312
35 1.9051206727452565 2.0
36 1.9723346253384357 4.807354922057604
36 1.9723346253384357 2.321928094887362
37 2.0338063560223847 5.129283016944966
37 2.0338063560223847 2.584962500721156
38 2.0849342259537686 5.285402218862249
38 2.0849342259537686 2.321928094887362
39 2.1436864857462123 4.643856189774724
39 2.1436864857462123 2.0
40 2.169688391992213 4.807354922057604
40 2.169688391992213 1.0
41 2.2618244242484398 3.4594316186372973
41 2.2618244242484398 1.584962500721156
42 2.379633451170722 4.321928094887363
42 2.379633451170722 3.0
43 2.4263919026009515 5.285402218862249
43 2.4263919026009515 1.0
44 2.62749338169459 3.4594316186372973
44 2.62749338169459 2.321928094887362
45 2.8288026366520374 4.321928094887363
