0 0 ground 0.78 0.78 0.78
0 1 inner 0.6204750119780982 0.7679147639407067 0.8081449100198748 10
0 0 ceil 0.3193593469963465 0.9224587496743164 0.8639762977666654
0 1 outer 0.4994121897507009 0.8202651515257919 0.8474446604013051
0 1 next 0.4942359659404352 0.8235564093090533 0.8493591100939721
1 1 ground 0.78 0.78 0.78
1 2 inner 0.2068390680869484 0.9763367696724471 0.8265102291161193 1
1 1 ceil 0.8697027197975963 1.0 0.0980392156862745
1 2 outer 0.641998734977862 1.0 0.3257432005060089
1 2 next 0.9835547122074635 0.9448075526506902 0.0
2 2 ground 0.78 0.78 0.78
2 3 inner 0.5787476280834913 1.0 0.38899430740037955 4
2 2 ceil 1.0 0.5816993464052289 0.0
2 3 outer 1.0 0.5816993464052289 0.0
2 3 next 1.0 0.5816993464052289 0.0
3 3 ground 0.78 0.78 0.78
3 4 inner 0.5787476280834913 1.0 0.38899430740037955 0
3 3 ceil 1.0 0.5816993464052289 0.0
3 4 outer 1.0 0.5816993464052289 0.0
3 4 next 1.0 0.5816993464052289 0.0
4 4 ground 0.78 0.78 0.78
4 5 inner 0.5787476280834913 1.0 0.38899430740037955 3
4 4 ceil 1.0 0.5816993464052289 0.0
4 5 outer 1.0 0.5816993464052289 0.0
4 5 next 1.0 0.5816993464052289 0.0
5 5 ground 0.78 0.78 0.78
5 6 inner 0.5787476280834913 1.0 0.38899430740037955 0
5 5 ceil 1.0 0.5816993464052289 0.0
5 6 outer 1.0 0.5816993464052289 0.0
5 6 next 1.0 0.5816993464052289 0.0
6 6 ground 0.78 0.78 0.78
6 7 inner 0.5787476280834913 1.0 0.38899430740037955 4
6 6 ceil 1.0 0.5816993464052289 0.0
6 7 outer 1.0 0.5816993464052289 0.0
6 7 next 1.0 0.5816993464052289 0.0
7 7 ground 0.78 0.78 0.78
7 8 inner 0.5787476280834913 1.0 0.38899430740037955 2
7 7 ceil 1.0 0.5816993464052289 0.0
7 8 outer 1.0 0.5816993464052289 0.0
7 8 next 1.0 0.5816993464052289 0.0
8 8 ground 0.78 0.78 0.78
8 9 inner 0.5787476280834913 1.0 0.38899430740037955 2
8 8 ceil 1.0 0.5816993464052289 0.0
8 9 outer 1.0 0.5816993464052289 0.0
8 9 next 1.0 0.5816993464052289 0.0
9 9 ground 0.5 0.0 0.0
9 10 inner 1.0 0.5816993464052289 0.0 2
9 9 ceil 0.78 0.78 0.78
9 10 outer 1.0 0.6978939724037765 0.0
