0 0 ground 0.78 0.78 0.78
0 1 inner 0.5948351552619471 0.7749160703298065 0.8154878522322626 10
0 0 ceil 0.2691928636976967 0.9459243289116267 0.8501862178833529
0 1 outer 0.48931065302350907 0.8267647941469003 0.8511962058239116
0 1 next 0.5076383431270424 0.8152055044193639 0.8444370391851606
1 1 ground 0.78 0.78 0.78
1 2 inner 0.3193593469963465 0.9224587496743164 0.8639762977666654 2
1 1 ceil 0.5787476280834913 1.0 0.38899430740037955
1 2 outer 0.4142947501581275 1.0 0.5534471853257434
1 2 next 0.3763440860215053 1.0 0.5913978494623656
2 2 ground 0.78 0.78 0.78
2 3 inner 0.21189120809614148 1.0 0.7558507273877295 4
2 2 ceil 0.8697027197975963 1.0 0.0980392156862745
2 3 outer 0.8697027197975963 1.0 0.0980392156862745
2 3 next 0.8697027197975963 1.0 0.0980392156862745
3 3 ground 0.78 0.78 0.78
3 4 inner 0.5787476280834913 1.0 0.38899430740037955 1
3 3 ceil 1.0 0.5816993464052289 0.0
3 4 outer 1.0 0.5816993464052289 0.0
3 4 next 1.0 0.5816993464052289 0.0
4 4 ground 0.78 0.78 0.78
4 5 inner 0.5787476280834913 1.0 0.38899430740037955 3
4 4 ceil 1.0 0.5816993464052289 0.0
4 5 outer 1.0 0.5816993464052289 0.0
4 5 next 1.0 0.5816993464052289 0.0
5 5 ground 0.5 0.0 0.0
5 6 inner 1.0 0.20406681190994935 0.0 2
5 5 ceil 0.78 0.78 0.78
5 6 outer 1.0 0.712418300653595 0.0
