0 0 disc 0.21189120809614148 1.0 0.7558507273877295
0 1 inner 0.9962049335863377 0.9302832244008717 0.0 108
0 1 outer 0.7495543672014262 0.0 0.0
1 1 disc 1.0 0.5671750181554105 0.0
1 2 inner 1.0 0.5671750181554105 0.0 21
1 2 outer 0.6960784313725497 0.0 0.0
2 2 disc 0.6960784313725497 0.0 0.0
2 3 inner 0.5 0.0 0.0 19
2 3 outer 0.606951871657754 0.0 0.0
3 3 disc 0.0 0.0 0.5
3 4 inner 0.5 0.0 0.0 6
3 4 outer 0.5 0.0 0.0
4 4 disc 0.0 0.0 0.5
4 5 inner 1.0 0.1023965141612202 0.0 6
4 5 outer 0.517825311942959 0.0 0.0
5 5 disc 0.0 0.0 0.5
5 6 inner 0.5 0.0 0.0 4
5 6 outer 0.5 0.0 0.0
6 6 disc 0.0 0.0 0.5
6 7 inner 1.0 0.1023965141612202 0.0 2
6 7 outer 0.5 0.0 0.0
7 7 disc 0.9099821746880573 0.0007262164124910431 0.0
7 8 inner 0.0 0.0 0.5 455
