0 0 15.486740765759306
1 0.020319899129734722 17.442773448359773
1 0.020319899129734722 14.26868819222819
2 0.04232408521236321 16.481799431665753
2 0.04232408521236321 13.378836713210614
3 0.06568127395546433 15.616721129873682
3 0.06568127395546433 12.465056167831175
4 0.09015542838873827 14.66644593881483
4 0.09015542838873827 11.468624042918018
5 0.11658558988388995 13.654971604038119
5 0.11658558988388995 10.566054038171092
6 0.14501636107057445 12.721740054213047
6 0.14501636107057445 9.667111542075027
7 0.17377160851371998 11.915879378835774
7 0.17377160851371998 8.682994583681683
8 0.20559780839701142 10.99081307915361
8 0.20559780839701142 8.169925001442312
9 0.2394534867219195 10.41256984680521
9 0.2394534867219195 7.700439718141092
10 0.27352541363282823 10.139551352398794
10 0.27352541363282823 7.312882955284356
11 0.30941756677501364 9.98299357469431
11 0.30941756677501364 7.426264754702098
12 0.3452601288205769 9.952741247186488
12 0.3452601288205769 7.321928094887363
13 0.3817981664838346 9.831307243802051
13 0.3817981664838346 7.108524456778169
14 0.4226624622200937 9.656424863277781
14 0.4226624622200937 7.108524456778169
15 0.4592447252986389 9.909893083770042
15 0.4592447252986389 6.894817763307944
16 0.5055829538598872 9.154818109052105
16 0.5055829538598872 6.794415866350106
17 0.5504153348618939 9.154818109052105
17 0.5504153348618939 5.357552004618084
18 0.5977971958034186 7.357552004618084
18 0.5977971958034186 3.9068905956085187
19 0.7130128733316566 5.459431618637297
