0 0 4.087462841250339 ground
1 0.10996538109067372 5.672425341971495 inner
1 0.10996538109067372 8.159871336778389 outer
1 0.10996538109067372 2.584962500721156 ground
2 0.23582985885633548 5.584962500721156 inner
2 0.23582985885633548 7.087462841250339 outer
2 0.23582985885633548 2.807354922057604 ground
3 0.3780555862656053 5.727920454563199 inner
3 0.3780555862656053 8.366322214245816 outer
3 0.3780555862656053 2.807354922057604 ground
4 0.5519226590523806 5.20945336562895 inner
4 0.5519226590523806 9.49585502688717 outer
