0 0 disc 0.0 0.0 0.517825311942959
0 1 inner 0.0 0.0 0.5 819234
0 1 outer 0.0 0.0 0.5
1 1 disc 0.0 0.0 0.731729055258467
1 2 inner 0.0 0.0 0.624777183600713 45885
1 2 outer 0.0 0.0 0.535650623885918
2 2 disc 0.0 0.40980392156862744 1.0
2 3 inner 0.0 0.12745098039215685 1.0 3166
2 3 outer 0.0 0.0 0.909982174688057
3 3 disc 0.2751423149905123 1.0 0.6925996204933587
3 4 inner 0.009487666034155417 0.9117647058823527 0.9582542694497156 319
3 4 outer 0.0 0.6450980392156863 1.0
4 4 disc 0.8950031625553446 1.0 0.07273877292852626
4 5 inner 0.5534471853257431 1.0 0.4142947501581278 57
4 5 outer 0.45224541429475007 1.0 0.5154965211891208
5 5 disc 1.0 0.5526506899055921 0.0
5 6 inner 1.0 0.7850399419026872 0.0 11
5 6 outer 1.0 0.872185911401598 0.0
6 6 disc 1.0 0.2331154684095862 0.0
6 7 inner 0.0 0.0 0.5 10
