0 0 ground 0.7795345890516987 0.7798113732058998 0.7800223960715631
0 1 inner 0.7796632939215851 0.7798634375859638 0.7800161559470515 152640
0 0 ceil 0.7798879084538418 0.7799544802683956 0.7800053512563522
0 1 outer 0.7798980286310109 0.7799585876669353 0.7800048670047823
0 1 next 0.7797965035823547 0.7799174035791867 0.7800097350002294
1 1 ground 0.7788908868552269 0.7795521089007583 0.7800541398742766
1 2 inner 0.7792905810108905 0.7797128724375705 0.7800343244193364 58119
1 1 ceil 0.7797446775457212 0.7798963981888023 0.7800122285628704
1 2 outer 0.7797487387742965 0.7798980437870209 0.7800120329514231
1 2 next 0.7796017941846359 0.7798385499903987 0.7800191332483638
2 2 ground 0.7778859536900333 0.7791511106724424 0.7801054716956901
2 3 inner 0.7787984279347241 0.7795150237058983 0.7800587724684874 25193
2 2 ceil 0.7794632995207843 0.7797825671876926 0.7800258678204451
2 3 outer 0.7794554322896264 0.7797793896843614 0.7800262516190303
2 3 next 0.7793415710252165 0.7797334336432541 0.7800318211860859
3 3 ground 0.7767887401210987 0.7787185136098845 0.7801639718564852
3 4 inner 0.7782592889804248 0.7792995479886005 0.7800861500153567 15485
3 3 ceil 0.7791893111588656 0.779672071420944 0.7800393125892467
3 4 outer 0.7791511006995104 0.7796566887598135 0.7800412004160804
3 4 next 0.7790297658890014 0.7796078860839059 0.7800472158656205
4 4 ground 0.7758701008108999 0.7783605082905602 0.780214908476009
4 5 inner 0.7777442795688269 0.7790949466283019 0.7801128816373136 10863
4 4 ceil 0.7788529302702121 0.779536879851832 0.7800560394479374
4 5 outer 0.7788261920295507 0.7795261557846564 0.7800573794422341
4 5 next 0.7786042425290268 0.7794372624021194 0.7800685616044133
5 5 ground 0.7745804979817135 0.7778643558906052 0.7802894023845046
5 6 inner 0.777158659552146 0.7788637526865927 0.7801439636423158 8528
5 5 ceil 0.778610237231463 0.7794396604139467 0.7800682581965183
5 6 outer 0.7784568440568909 0.7793783510763593 0.7800760460110441
5 6 next 0.7783750194164855 0.7793456904342723 0.7800802208404812
6 6 ground 0.7737656746025298 0.7775547257902653 0.7803382578904127
6 7 inner 0.7765680418695595 0.7786321568848463 0.7801760467666978 6286
6 6 ceil 0.7780874735894705 0.7792311561024241 0.7800950052850746
6 7 outer 0.7780301761538976 0.7792083783493087 0.7800979723593245
6 7 next 0.777731411581163 0.7790898498595807 0.780113556783456
7 7 ground 0.7724035474169445 0.7770437801864635 0.7804229959328975
7 8 inner 0.7759396986570434 0.7783874980671315 0.7802109872295971 5464
7 7 ceil 0.7778398591885546 0.7791328273957706 0.7801078778757323
7 8 outer 0.7777088718663788 0.7790809241080584 0.7801147402257979
7 8 next 0.777637541990774 0.7790526925593466 0.7801184925018658
8 8 ground 0.7713507368273104 0.7766545583363369 0.7804911025145612
8 9 inner 0.7752165756028884 0.7781081393097443 0.780252224698327 4120
8 8 ceil 0.7772214994323225 0.778888486593179 0.7801405935430685
8 9 outer 0.7771891495114741 0.7788757513666749 0.780142327422494
8 9 next 0.7773687629137933 0.778946519791598 0.7801327286048567
9 9 ground 0.771142577135026 0.7765781892110956 0.7805048364458196
9 10 inner 0.7745614392574057 0.7778570795379 0.7802905293534376 6175
9 9 ceil 0.7780156536763418 0.7792026075149806 0.7800987254986216
9 10 outer 0.777688171474971 0.7790727287571875 0.7801158280465508
9 10 next 0.7771599727453274 0.7788642693794032 0.7801438931302426
10 10 ground 0.7692572939074263 0.7758953300193108 0.780633225990055
10 11 inner 0.7723302285723712 0.7770165136152298 0.7804276654243663 6580
10 10 ceil 0.7785566672544715 0.7794182370345909 0.7800709722418728
10 11 outer 0.7778860956824278 0.7791511670082645 0.7801054642905298
10 11 next 0.7769661790755653 0.7787881031082369 0.7801543384006928
11 11 ground 0.7560540397927272 0.771553294486637 0.7817279504362796
11 12 inner 0.7648181325468336 0.7743498381038642 0.7809636113163093 2067
11 11 ceil 0.7729088883672433 0.7772323668371262 0.7803911124457337
11 12 outer 0.7734676028280552 0.7774422048940542 0.7803564737112736
11 12 next 0.7714154755124654 0.7766783489973565 0.7804868491959867
12 12 ground 0.7495020935333908 0.7696807353917439 0.7823926452017057
12 13 inner 0.7552034080963443 0.7712997048613577 0.7818098274028136 3170
12 12 ceil 0.7787793592861946 0.779507380113139 0.7800597301688638
12 13 outer 0.7750663133536237 0.7780503853655543 0.7802609310838124
12 13 next 0.7755019562281938 0.7782181066781713 0.7802358194135149
13 13 ground 0.6641454375598653 0.7613805964648316 0.7971218278338562
13 14 inner 0.711390112146248 0.7623714488271888 0.7876858706919954 662
13 13 ceil 0.7681998550223472 0.77551925118287 0.7807083728662818
13 14 outer 0.7546608784091965 0.771139604488656 0.7818627442349823
13 14 next 0.7621246686094097 0.7734545561200707 0.7811829166265228
14 14 ground 0.5827011482344198 0.7790187722491433 0.8191647138594502
14 15 inner 0.6810604779130328 0.7607449197782121 0.793418387346219 193
14 14 ceil 0.7354755830093974 0.7662880918084893 0.7840686280244066
14 15 outer 0.7306080096073999 0.7653041213433865 0.7847269580154261
14 15 next 0.7435154617472407 0.7681307562628519 0.7830668162764259
15 15 ground 0.6289898257423404 0.7660999183854544 0.8058421823449576
15 16 inner 0.6826423436064084 0.7607411581515 0.7930897463349866 169
15 15 ceil 0.7164786470543125 0.7630016222724916 0.786848422776006
15 16 outer 0.7261830815645984 0.7644949205123578 0.7853582385624365
15 16 next 0.7319645333660201 0.7655684280907059 0.784539648629994
16 16 ground 0.4692902997042616 0.8405685721518258 0.8588141870142074
16 17 inner 0.6373524955636561 0.7645695333656002 0.803650284082588 175
16 16 ceil 0.7356334173892524 0.7663216519022299 0.7840479254952685
16 17 outer 0.7186012704550042 0.7632954416641975 0.7865103388298755
16 17 next 0.7377888493506893 0.7667904000670234 0.7837693108054232
17 17 ground 0.5018240953567314 0.8187598761083174 0.8465583591977555
17 18 inner 0.6364371269750122 0.7647247915602997 0.8038867679212038 111
17 17 ceil 0.7022718657912441 0.7615018739134181 0.7892790505091294
17 18 outer 0.7044198450011515 0.7616769018147553 0.7888932700316461
17 18 next 0.6967593080781157 0.761136143232179 0.7902979431796927
18 18 ground 0.5030928847712461 0.8179752672470519 0.8460935990585603
18 19 inner 0.6279173243018505 0.7663143149824805 0.8061283364365959 212
18 18 ceil 0.7405805425777217 0.7674265268241974 0.7834199333678966
18 19 outer 0.716618938664079 0.7630204778993468 0.7868258713854422
18 19 next 0.725518728473957 0.7643804016606132 0.7854556675118971
19 19 ground 0.3573254495600997 0.9053603651961395 0.8712779045926531
19 20 inner 0.5506881939451007 0.7922124430055729 0.829437281805103 158
19 19 ceil 0.7278202925021513 0.7647848968065228 0.7851210752060571
19 20 outer 0.6997640657937899 0.7613206373718826 0.7897374659466566
19 20 next 0.7161829497568248 0.7629621407135443 0.7868960502918834
20 20 ground 0.6086020332800088 0.7708724448458539 0.8114708523774252
20 21 inner 0.4139624890600062 0.8810338549263961 0.8771387475120684 18
20 20 ceil 0.38242359379431523 0.8943971083274354 0.8746184639955397
20 21 outer 0.412839078421404 0.8815015766682559 0.8770810387947217
20 21 next 0.4496069463609691 0.8553168311986605 0.8665297823916869
21 21 ground 0.78 0.78 0.78
21 22 inner 0.35585365927895907 0.9060119016521205 0.871045275032048 12
21 21 ceil 0.3017386001649378 0.930592275243141 0.8596689790948838
21 22 outer 0.3346309064822136 0.9155093297177607 0.8672385614193349
21 22 next 0.43412839122351454 0.867720770941018 0.8727465928833096
22 22 ground 0.19924098671726753 1.0 0.7685009487666035
22 23 inner 0.4716675426854945 0.8388659129865466 0.8578972446671548 66
22 22 ceil 0.6940348655155768 0.7609995047466502 0.79081656325803
22 23 outer 0.6646269950594643 0.7613475673542298 0.7970117371432315
22 23 next 0.683922565750789 0.7607451541936109 0.792826058295435
23 23 ground 0.5695146953923138 0.7840410594904124 0.8232985849978598
23 24 inner 0.46672629001961763 0.8424240736655026 0.8598068263632355 15
23 23 ceil 0.45556301082364337 0.8507322192836223 0.864172200367287
23 24 outer 0.4596673468792587 0.8476343297327635 0.8625590427527112
23 24 next 0.4462271917548868 0.8579650742680396 0.8678762347473286
24 24 ground 0.5154000259107935 0.8106251926336863 0.8416393178103646
24 25 inner 0.4104915469226551 0.8824809700303593 0.8769528072482831 17
24 24 ceil 0.3968874092645054 0.8882096675955817 0.8760061045075211
24 25 outer 0.38509229148714663 0.8932481280820843 0.874904057725263
24 25 next 0.4244175515106938 0.8758603598017284 0.8767113570504048
25 25 ground 0.78 0.78 0.78
25 26 inner 0.17935650071643627 0.9901406927326851 0.8137913384573404 8
25 25 ceil 0.2245414294750158 1.0 0.7432005060088551
25 26 outer 0.2245414294750158 1.0 0.7432005060088551
25 26 next 0.16388300435953806 0.9980133368585387 0.8060192521600484
26 26 ground 0.3077591029047668 0.9277996853960242 0.8612060746653245
26 27 inner 0.3915032570900969 0.8905014747827313 0.8755354635787984 17
26 26 ceil 0.41610194494684827 0.8801448510076267 0.8772421048204194
26 27 outer 0.3977988979195167 0.8878230482334549 0.8760803922008583
26 27 next 0.40288011579022265 0.8856750871595558 0.8764659363859066
27 27 ground 0.3193593469963465 0.9224587496743164 0.8639762977666654
27 28 inner 0.28272566035334534 0.9395016351254878 0.8543695620878958 12
27 27 ceil 0.2700600912746072 0.9455107576719324 0.8504645471012321
27 28 outer 0.2807740472423196 0.9404237636423983 0.8537873608063964
27 28 next 0.3928377810060981 0.8899321456356728 0.8756571916881231
28 28 ground 0.641998734977862 1.0 0.3257432005060089
28 29 inner 0.2621882777595701 0.9492745547642278 0.8478867668012919 61
28 28 ceil 0.6856093637900401 0.7607600572081091 0.7924817710083499
28 29 outer 0.6093565389763131 0.7706698082214396 0.8112556091543872
28 29 next 0.6159274757418112 0.7689891447406404 0.8094032359371648
29 29 ground 0.78 0.78 0.78
29 30 inner 0.5154965211891207 1.0 0.4522454142947502 5
29 29 ceil 0.641998734977862 1.0 0.3257432005060089
29 30 outer 0.6166982922201137 1.0 0.35104364326375714
29 30 next 0.5787476280834913 1.0 0.38899430740037955
30 30 ground 0.78 0.78 0.78
30 31 inner 0.46489563567362424 1.0 0.5028462998102468 4
30 30 ceil 0.5787476280834913 1.0 0.38899430740037955
30 31 outer 0.6166982922201137 1.0 0.35104364326375714
30 31 next 0.24984187223276405 1.0 0.717900063251107
31 31 ground 0.3763440860215053 1.0 0.5913978494623656
31 32 inner 0.2471016775999091 0.9565487504158765 0.8426238807304229 12
31 31 ceil 0.3095538760228602 0.9269698976042235 0.8616511656839506
31 32 outer 0.3260516951961767 0.9194017481833061 0.8654597444148905
31 32 next 0.2398027439974032 0.9600961056367757 0.8399257821351664
32 32 ground 0.6551413536159467 0.7621573777493121 0.799228627162127
32 33 inner 0.2621479327615025 0.9492939017163308 0.8478732576220122 11
32 32 ceil 0.2028145481502479 0.9783435641899965 0.8247346771882024
32 33 outer 0.26097667362610333 0.9498558146450683 0.8474797498341454
32 33 next 0.24688002578055046 0.9566562085641811 0.8425434029579627
33 33 ground 0.3763440860215053 1.0 0.5913978494623656
33 34 inner 0.26497379120247444 0.9479401855654369 0.8488121400883893 19
33 33 ceil 0.33237307333481814 0.9165308034829115 0.8667838112537077
33 34 outer 0.3212560705564729 0.921590523730156 0.8644052594535723
33 34 next 0.5154000259107935 0.8106251926336863 0.8416393178103646
34 34 ground 0.17743043385511226 0.9911167622703123 0.8128478466960011
34 35 inner 0.4413568659065299 0.8618405151397033 0.8698273842230173 64
34 34 ceil 0.6526132399183285 0.762429524931326 0.7998363756961256
34 35 outer 0.6272763408859316 0.7664444086931226 0.8062998974681688
34 35 next 0.6754247891749736 0.7608361542231177 0.7946142626534816
35 35 ground 0.2245414294750158 1.0 0.7432005060088551
35 36 inner 0.4451998695014483 0.8587767266967138 0.8682867364854672 35
35 35 ceil 0.5538269751639197 0.7907691743451002 0.8283951230457379
35 36 outer 0.5684274651811747 0.784481092319099 0.8236456449293934
35 36 next 0.5216540664273832 0.8070723562611226 0.8394139931639046
36 36 ground 0.28669122979095985 0.9376322414169702 0.8555306477365456
36 37 inner 0.5010965591656766 0.8192120330008074 0.8468253185523869 60
36 36 ceil 0.6208688927994046 0.7678251400786597 0.8080368450634576
36 37 outer 0.6227758329697987 0.7673989939967296 0.8075157592136925
36 37 next 0.5890894674908265 0.7767963429608333 0.8172133772021781
37 37 ground 0.4476437111924574 0.8568510373376732 0.8673111542143828
37 38 inner 0.5473421311716202 0.7937864023009764 0.8305563034237515 60
37 37 ceil 0.5865052118747079 0.777678709779356 0.817998627842503
37 38 outer 0.5661567370390218 0.7854127888998912 0.8243734924309004
37 38 next 0.6169922176912461 0.76873106381909 0.8091068653145652
38 38 ground 0.4640280876513958 0.844398013507826 0.8608554876736587
38 39 inner 0.5831652215654896 0.7788526703354763 0.8190218132393633 78
38 38 ceil 0.6480726642377522 0.7629773768388748 0.8009453505595497
38 39 outer 0.6367819850017868 0.7646659443296308 0.803797574155849
38 39 next 0.6286025080808065 0.766176870856489 0.8059453917899934
39 39 ground 0.5119622094064045 0.8126306194379675 0.8428736261736598
39 40 inner 0.6134220020817135 0.7696121473260216 0.8101048194679418 83
39 39 ceil 0.6691709199276987 0.7610787529559803 0.795986129204912
39 40 outer 0.678871944946734 0.7607659399499791 0.7938781718175842
39 40 next 0.6679201913639603 0.7611450031813468 0.7962660370974817
40 40 ground 0.5362596413479948 0.7992586251390389 0.8343207274276703
40 41 inner 0.5694224989304881 0.784078221403976 0.8233279792684212 44
40 40 ceil 0.590848356406425 0.776208782099706 0.8166821554329743
40 41 outer 0.6241966924235369 0.7670898488418914 0.8071297743518593
40 41 next 0.6574300176029857 0.7619313805059827 0.7986845121674884
41 41 ground 0.5065087636953122 0.8158877994000417 0.844847466715145
41 42 inner 0.5859482986525114 0.7778718317724755 0.8181685872713848 148
41 41 ceil 0.7189286182998145 0.7633423823490807 0.7864587972061075
41 42 outer 0.7076890954200441 0.7619784981813116 0.7883184215143977
41 42 next 0.6985771262379414 0.7612435126274862 0.7899574131143678
42 42 ground 0.4000814724636441 0.8868566096465582 0.8762595815254279
42 43 inner 0.4748423202050811 0.8366186355213131 0.8566778082214557 51
42 42 ceil 0.5505013818512909 0.7922993566745674 0.8294995393836102
42 43 outer 0.619975610133082 0.7680291862192747 0.8082821385452212
42 43 next 0.5256631644954645 0.80485990701439 0.838001319406665
43 43 ground 0.2967298273624367 0.9329261594609065 0.8583384875141141
43 44 inner 0.3011567106650883 0.9308629209642376 0.8595168207285088 108
43 43 ceil 0.78 0.78 0.78
43 44 outer 0.7120824450211375 0.7624510560678455 0.7875697185279319
