0 0 17.194554884521757
1 0.01826879465019143 18.655862597636062
1 0.01826879465019143 15.911415395867488
2 0.03779214583063159 17.55524068697028
2 0.03779214583063159 14.853504501021279
3 0.05845709315865316 16.492494777570844
3 0.05845709315865316 13.784430367484626
4 0.08064801899627433 15.440252776830603
4 0.08064801899627433 12.824958740528523
5 0.1043413445101547 14.434823666219248
5 0.1043413445101547 11.876900591040306
6 0.12959802939345338 13.480537783101841
6 0.12959802939345338 10.961449694398196
7 0.15667324174015682 12.544240006441658
7 0.15667324174015682 10.095397022792557
8 0.18686256039840454 11.681677655209691
8 0.18686256039840454 9.471675214392045
9 0.217525419203096 10.904634621668151
9 0.217525419203096 8.426264754702098
10 0.2508089810698949 9.972979786066292
10 0.2508089810698949 7.491853096329675
11 0.2886013917077889 9.098032082960527
11 0.2886013917077889 7.03342300153745
12 0.3268070029372062 8.643856189774725
12 0.3268070029372062 6.303780748177103
13 0.3739514334700874 8.238404739325079
13 0.3739514334700874 6.3750394313469245
14 0.4205495714863296 8.238404739325079
14 0.4205495714863296 6.022367813028454
15 0.47413089634278766 7.159871336778389
15 0.47413089634278766 5.392317422778761
16 0.504493681213904 6.129283016944966
16 0.504493681213904 2.584962500721156
17 0.7769952853237432 2.0
