0 0 ground 0.78 0.78 0.78
0 1 inner 0.6204750119780982 0.7679147639407067 0.8081449100198748 9
0 0 ceil 0.2068390680869484 0.9763367696724471 0.8265102291161193
0 1 outer 0.5190723412132744 0.808524040026248 0.8403294578310826
0 1 next 0.2481470062239931 0.9560421953072012 0.843002189810054
1 1 ground 0.78 0.78 0.78
1 2 inner 0.2691928636976967 0.9459243289116267 0.8501862178833529 3
1 1 ceil 0.5787476280834913 1.0 0.38899430740037955
1 2 outer 0.5787476280834913 1.0 0.38899430740037955
1 2 next 0.5787476280834913 1.0 0.38899430740037955
2 2 ground 0.78 0.78 0.78
2 3 inner 0.3763440860215053 1.0 0.5913978494623656 0
2 2 ceil 1.0 0.5816993464052289 0.0
2 3 outer 1.0 0.8576615831517794 0.0
2 3 next 1.0 0.5816993464052289 0.0
3 3 ground 0.78 0.78 0.78
3 4 inner 0.5787476280834913 1.0 0.38899430740037955 4
3 3 ceil 1.0 0.5816993464052289 0.0
3 4 outer 1.0 0.5816993464052289 0.0
3 4 next 1.0 0.5816993464052289 0.0
4 4 ground 0.5 0.0 0.0
4 5 inner 1.0 0.20406681190994935 0.0 1
4 4 ceil 0.78 0.78 0.78
4 5 outer 1.0 0.8140885984023241 0.0
