wavemap_1246_11398_1 17.17444785104712 0.0 90.0 16.84366572150088 36386 18175592.0
wavemap_2070_11400_1 -55.769796427587636 38.59534857654052 225.0 16.826292243342678 22119 17594261.0
wavemap_414_11398_1 -78.38129856179665 -17.893862801852308 286.2963151599803 16.883915102852953 79755 13926713.0
wavemap_283_11398_1 -43.12265773993523 -66.76721269985384 338.76203133230786 16.912345583370975 96186 11917662.0
wavemap_3114_11398_1 16.638492615497576 -70.99103354605307 385.4684017365713 16.811627740304203 10978 11727864.0
wavemap_757_11398_1 61.654115773299225 -31.821919301126847 428.0168026047548 16.841366146709735 35885 10623566.0
wavemap_185_11398_1 69.58609478546164 27.144948533263765 467.37344277180426 16.89939815709752 113266 9771973.0
wavemap_527_11398_1 39.2615388021247 78.1825666190637 504.17641321490566 16.846320293833667 35862 7521314.0
wavemap_84_11398_1 -15.177584602258936 101.60442846592113 538.874093275866 16.919096827552696 126152 4896921.0
wavemap_47_11398_1 -73.31996205920765 90.56679684523702 571.7962166706645 16.947482212225644 147919 2949516.0
wavemap_26_11399_1 -116.48174648584047 50.17706114824401 603.1938707090582 16.965108179571864 114496 1898463.0
wavemap_101_11400_1 -132.75739725328697 -6.590821733533493 633.2636109057803 16.87113758511268 30459 1558138.0
wavemap_12_11399_1 -118.84545883497879 -63.93349854294807 662.1627988280202 16.984804789504896 66031 864103.0
wavemap_6_11398_1 -79.27580652192259 -107.64854321052596 690.0197863160004 16.995993079584682 80367 225399.0
wavemap_4_11398_1 -24.02189258584073 -128.1290344506378 716.9409211341244 17.025150679917594 93751 179714.0
wavemap_2_11398_1 34.52089523539949 -121.69498794169482 743.0155109812833 17.05941199073007 71653 127182.0
wavemap_27_11403_1 84.40816573968402 -90.44502968179538 768.3194305810374 16.812283885473988 4565 57616.0
wavemap_13_11413_1 116.36157232644263 -41.03563583152448 792.9178002646232 16.825799526386582 6117 36189.0
wavemap_29_11432_1 125.08598090549546 17.13230598895151 816.8670129962097 16.780092989864542 2716 34143.0
wavemap_14_11452_1 109.66955531092698 73.87327236381152 840.2162940172764 16.808502225665567 4807 29949.0
wavemap_34_11472_1 73.20181985111756 119.97220843628861 863.0089186655882 16.7590604477467 1815 27879.0
wavemap_119_11833_1 21.831719772400724 148.5049956984466 885.2831758560422 16.700372887839656 439 25797.0
wavemap_28_12051_1 -36.483197597296595 155.61465865977155 907.0731393841899 16.75698498300485 2050 25609.0
wavemap_32_11773_1 -93.29988879800042 140.73649979858044 928.4092919963374 16.752641364532824 1709 23806.0
wavemap_53_12597_1 -140.89153241544494 106.3419898610039 949.3190352372642 16.70742524805754 979 23111.0
wavemap_30_12673_1 -173.19158508065257 57.3193309765946 969.8271096702055 16.754602610867124 1782 23028.0
wavemap_62_12456_1 -186.40448861837942 0.13012467382408158 989.9559440326466 16.688492697504632 1113 22812.0
wavemap_7_11427_1 -179.26290092589855 -58.11889737560781 1009.7259475066737 16.837788324315934 6612 22598.0
wavemap_123_11670_1 -152.956659054964 -110.56678363235919 1029.1557560522424 16.651610521340668 510 22092.0
wavemap_16_11696_1 -110.79124278058202 -151.35649372890398 1048.2624413426627 16.764238944540416 2830 20182.0
wavemap_33_11491_1 -57.65284248309071 -176.19648193584823 1067.0616890247657 16.729708842757944 1346 20177.0
wavemap_15_11645_1 0.635679576247572 -182.6939044301384 1085.567951641698 16.766235603217993 3018 20010.0
wavemap_35_13487_1 57.9865662135242 -170.4564966949641 1103.794580490985 16.728397706298935 1185 19320.0
wavemap_31_12735_1 108.67580097381773 -140.98377520879234 1121.7539398634349 16.721473601447432 1343 17653.0
wavemap_50_12860_1 147.8731291503751 -97.3854050507472 1139.4575064609444 16.67822800427467 999 17406.0
wavemap_36_12116_1 172.03583033815352 -43.97506801870281 1156.91595628032 16.713435540714492 1194 17293.0
wavemap_60_12370_2 179.14674850343948 14.207632690141438 1174.1392408440975 16.920961796449692 694 15716.0
wavemap_48_13096_2 168.79384584459723 71.89591132785225 1191.1366543342917 16.91103246564627 763 13698.0
wavemap_76_12776_2 142.10273578545082 124.06934223049544 1207.9168929231173 16.917039398964217 442 13373.0
wavemap_41_13114_2 101.54454917430435 166.36484197159635 1224.488107382477 16.928439213950945 693 12726.0
wavemap_57_15545_3 50.64879906448333 195.39794539197362 1240.8579498809593 16.985813647518018 595 11216.0
wavemap_38_15906_3 -6.3453136681462095 208.97805332333547 1257.0336157352444 17.005741078258893 498 10154.0
wavemap_18_13639_3 -64.86514791532039 206.21179811849765 1273.0218807659344 17.012723586770726 1122 9371.0
wavemap_8_11589_3 -120.37656007677681 187.49803984577628 1288.8291348110338 17.023977763152516 1935 7782.0
wavemap_56_16757_5 -168.7239039064117 154.4257493747342 1304.461411869805 17.059631477248253 321 6810.0
wavemap_40_13169_6 -206.41613680879811 109.59184921662236 1319.9244172824212 17.077025295378156 230 5046.0
wavemap_37_12382_9 -230.84354708586397 56.359858108598964 1335.2235522943986 17.10626197248898 378 4523.0
wavemap_37_23740_12 -240.4163022360866 -1.4180260651857455 1350.3639363071964 17.12032640996278 143 2856.0
wavemap_46_11766_17 -234.62242357088132 -59.692787101675464 1365.3504270761491 17.134442097060084 120 2175.0
wavemap_24_12180_23 -214.0085248245562 -114.50332634229879 1380.1876390827272 17.142652440368096 86 1349.0
wavemap_29_13695_43 -180.09143008784122 -162.23575751838646 1394.8799602790177 17.154994410207916 111 947.0
wavemap_9_12922_89 -135.21243576294134 -199.842547049579 1409.431567377444 17.16509468193199 140 548.0
wavemap_15_17754_35 -82.34842887659586 -225.0108875444103 1423.8464398373967 17.14528211049419 37 231.0
wavemap_14_14781_337 -24.895333597281482 -236.27396526203847 1438.128372682108 17.17136898064244 28 196.0
wavemap_5_16664_287 33.56048607901437 -233.06294008441228 1452.2809882632484 17.168836081243448 14 36.0
wavemap_2_15608_15 89.46804813150679 -215.70126279530845 1466.3077470770304 16.928228334135387 6 5.0
