wavemap_3_42_1 -34.25998115656648 -22.927320221150993 -12.980298817554896 -42.144885266228165 30.286429148242462 -42.47153256547229 60.40306975880712 -0.3754490258382859 36.4252690623408 45.92104782796695 -4.786787766930409 57.56372581658057 -37.688342170933524 -4.619389768782444
wavemap_5_2061_1 -108.45792473043136 23.70825949440494 -99.72400163877782 69.49194642932343 -47.59750501677249 87.09447012238135 -5.897561286450198 60.23019989375331 -4.786787766930409 57.56372581658057 -37.688342170933524 -4.619389768782444
wavemap_6_2182_1 -119.39539655505008 17.586371447460177 -108.45792473043136 23.70825949440494 -37.688342170933524 -4.619389768782444 -34.25998115656648 -22.927320221150993 -96.3392210428522 -67.71307004621515 -130.8258767510313 -37.40280495834007
wavemap_7_30601_1 -34.25998115656648 -22.927320221150993 -12.980298817554896 -42.144885266228165 -17.735876272352428 -109.42964701430131 -54.27501021317952 -120.8035827356412 -96.91485800715736 -83.09530019981321 -96.3392210428522 -67.71307004621515
wavemap_8_27645_1 -12.980298817554896 -42.144885266228165 -17.735876272352428 -109.42964701430131 3.565776576809853 -124.58826993704747 57.7396460849779 -105.48208862298522 64.53019328092685 -81.82663189354155 30.286429148242462 -42.47153256547229
wavemap_2_13_1 30.286429148242462 -42.47153256547229 60.40306975880712 -0.3754490258382859 110.20994628389347 -7.075263917955361 112.04539745886358 -9.453528321028884 102.3272618392931 -67.15602876492399 64.53019328092685 -81.82663189354155
wavemap_9_28722_1 110.20994628389347 -7.075263917955361 120.31686711224134 48.947204927307865 88.07149798179952 76.60721655871549 36.4252690623408 45.92104782796695 60.40306975880712 -0.3754490258382859
wavemap_4_1243_1 36.4252690623408 45.92104782796695 -4.786787766930409 57.56372581658057 -5.897561286450198 60.23019989375331 25.23342298845052 132.5875344951711 43.91450560954947 137.21774840597774 89.51443611731482 100.18286631684262 88.07149798179952 76.60721655871549
wavemap_10_196384_1 -58.17816832638968 142.82969856938092 -11.220402560015877 161.3533001341062 25.23342298845052 132.5875344951711 -5.897561286450198 60.23019989375331 -47.59750501677249 87.09447012238135
wavemap_11_164183_1 -131.28192612456834 103.21577031928913 -99.72400163877782 69.49194642932343 -47.59750501677249 87.09447012238135 -58.17816832638968 142.82969856938092 -70.37132337877517 149.73471232668058 -125.55205000375224 127.75916113823342
wavemap_13_30471_1 -176.7886239480107 34.04131177718533 -170.2071364225685 86.29852191507007 -131.28192612456834 103.21577031928913 -99.72400163877782 69.49194642932343 -108.45792473043136 23.70825949440494 -119.39539655505008 17.586371447460177
wavemap_12_508033_1 -176.7886239480107 34.04131177718533 -119.39539655505008 17.586371447460177 -130.8258767510313 -37.40280495834007 -175.65978445074037 -48.279984010226485 -194.08321936613768 -31.652327932565203 -186.63338466952828 27.81280367245928
wavemap_15_275340_1 -175.65978445074037 -48.279984010226485 -179.81108706818654 -91.41468547525773 -139.04733393544134 -121.23245495392668 -96.91485800715736 -83.09530019981321 -96.3392210428522 -67.71307004621515 -130.8258767510313 -37.40280495834007
wavemap_17_389660_1 -96.91485800715736 -83.09530019981321 -54.27501021317952 -120.8035827356412 -71.07823196517029 -166.1366637466571 -89.53680791454924 -171.95929140524822 -138.43465115694858 -136.70170454484904 -139.04733393544134 -121.23245495392668
wavemap_14_1037462_1 -71.07823196517029 -166.1366637466571 -31.74605535451628 -193.65587956001357 9.126606622536563 -175.18574277540364 3.565776576809853 -124.58826993704747 -17.735876272352428 -109.42964701430131 -54.27501021317952 -120.8035827356412
wavemap_22_919138_1 3.565776576809853 -124.58826993704747 9.126606622536563 -175.18574277540364 29.844087798157823 -186.6944114200892 84.61410699748384 -160.33724399731534 86.81098854292566 -151.891428215076 57.7396460849779 -105.48208862298522
wavemap_19_239987_3 64.53019328092685 -81.82663189354155 102.3272618392931 -67.15602876492399 140.9107167209719 -92.10822358626129 137.0089233073029 -127.78744309106801 86.81098854292566 -151.891428215076 57.7396460849779 -105.48208862298522
wavemap_43_1965538_5 140.9107167209719 -92.10822358626129 251.35244090648933 -30.34771035566185 112.04539745886358 -9.453528321028884 102.3272618392931 -67.15602876492399
wavemap_25_3804978_8 110.20994628389347 -7.075263917955361 112.04539745886358 -9.453528321028884 251.35244090648933 -30.34771035566185 -176.7886239480107 34.04131177718533 120.31686711224134 48.947204927307865
wavemap_17_1851996_8 120.31686711224134 48.947204927307865 -176.7886239480107 34.04131177718533 89.51443611731482 100.18286631684262 88.07149798179952 76.60721655871549
wavemap_16_1362234_16 -176.7886239480107 34.04131177718533 43.91450560954947 137.21774840597774 89.51443611731482 100.18286631684262
wavemap_21_3292172_25 -176.7886239480107 34.04131177718533 -11.220402560015877 161.3533001341062 25.23342298845052 132.5875344951711 43.91450560954947 137.21774840597774
wavemap_19_2571623_35 -70.37132337877517 149.73471232668058 -176.7886239480107 34.04131177718533 -11.220402560015877 161.3533001341062 -58.17816832638968 142.82969856938092
wavemap_18_2914315_48 -125.55205000375224 127.75916113823342 -176.7886239480107 34.04131177718533 -70.37132337877517 149.73471232668058
wavemap_23_1433320_64 -131.28192612456834 103.21577031928913 -170.2071364225685 86.29852191507007 -176.7886239480107 34.04131177718533 -125.55205000375224 127.75916113823342
wavemap_15_3718944_45 -176.7886239480107 34.04131177718533 -170.2071364225685 86.29852191507007 -176.7886239480107 34.04131177718533 -186.63338466952828 27.81280367245928
wavemap_13_3434164_105 -186.63338466952828 27.81280367245928 -176.7886239480107 34.04131177718533 -194.08321936613768 -31.652327932565203
wavemap_15_3515498_169 -175.65978445074037 -48.279984010226485 -179.81108706818654 -91.41468547525773 -176.7886239480107 34.04131177718533 -194.08321936613768 -31.652327932565203
wavemap_11_2983724_385 -139.04733393544134 -121.23245495392668 -138.43465115694858 -136.70170454484904 -176.7886239480107 34.04131177718533 -179.81108706818654 -91.41468547525773
wavemap_8_4342010_162 -89.53680791454924 -171.95929140524822 -176.7886239480107 34.04131177718533 -138.43465115694858 -136.70170454484904
wavemap_1_405063_798 -71.07823196517029 -166.1366637466571 -31.74605535451628 -193.65587956001357 -176.7886239480107 34.04131177718533 -89.53680791454924 -171.95929140524822
wavemap_1_250725_1023 9.126606622536563 -175.18574277540364 29.844087798157823 -186.6944114200892 -176.7886239480107 34.04131177718533 -31.74605535451628 -193.65587956001357
wavemap_1_140109_1283 -176.7886239480107 34.04131177718533 84.61410699748384 -160.33724399731534 29.844087798157823 -186.6944114200892
wavemap_1_62999_1884 137.0089233073029 -127.78744309106801 -176.7886239480107 34.04131177718533 84.61410699748384 -160.33724399731534 86.81098854292566 -151.891428215076
wavemap_3_3191982_27 137.0089233073029 -127.78744309106801 -176.7886239480107 34.04131177718533 251.35244090648933 -30.34771035566185 140.9107167209719 -92.10822358626129
