wavemap_89_1202 24904950.0 0.0 90.0
wavemap_53_1266 -4572633.60569259 35193741.59253644 187.40282517223994
wavemap_25_167 -41597866.15536641 10560118.682121659 255.75568494223288
wavemap_11_167 -36298344.97688243 -33004151.330107402 312.27857661764824
wavemap_38_1202 1638383.5897902017 -54408173.333955504 361.72481633993135
wavemap_120_11459 42847253.05869196 -40959951.152537696 406.290058068761
wavemap_140_180407 63647537.25787581 -3096946.6159644644 447.2143127476462
wavemap_15_690 55394785.49577453 39196288.55591687 485.28249314472987
wavemap_5_173 23322136.813548725 67847752.86664803 521.0299911331107
wavemap_3_101 -19318701.54796706 72902303.4266193 554.8419268088832
wavemap_234_262712 -57720115.82719056 53812464.59950562 587.0065919681122
wavemap_175_260453 -80380427.3021493 17457284.889426194 617.7466077960031
wavemap_6_284 -81620355.79567586 -25325407.023481507 647.2382269222849
wavemap_169_11459 -61924428.4860842 -63287888.44861312 675.6238796296136
wavemap_2_101 -26726567.382626634 -87531501.82587734 703.020653643076
wavemap_8_176 15623289.926127158 -93099410.84103282 729.5262143283982
wavemap_17_60024 56057503.7973442 -79398737.33701587 755.2230525549461
wavemap_65_4182 86678893.46870871 -49678433.526252404 780.1816048477183
wavemap_71_102807 102065884.21492694 -9895086.696980465 804.4625921686848
wavemap_40_38645 99902831.4049499 32689573.197897237 828.1188043871999
wavemap_21_1374 80981434.15663703 70885107.19250773 851.1964833023635
wavemap_29_735 48707143.12631212 98709284.30317591 873.7364095584629
wavemap_304_1850520 8286287.527815509 112161488.5057035 895.7747675637963
wavemap_4_101 -34225783.897781275 109590919.2786774 917.3438415235456
wavemap_54_1563 -72856992.66010344 91683816.88276313 938.4725812852276
wavemap_7_101 -102509996.6368524 61139588.99306982 959.1870666202025
wavemap_13_101 -119535190.56162432 22131035.804576043 979.5108914031332
wavemap_12_131002 -122050387.06958252 -20348653.482569095 999.4654839828735
wavemap_27_146 -110009402.944596 -61155970.57952848 1019.0703762562051
wavemap_48_6608327 -85050338.2885379 -95604214.73360866 1038.3434311528852
wavemap_20_123 -50173315.98787743 -119949265.57555823 1057.301036138647
wavemap_16_1284 -9307100.871416539 -131718997.99527974 1075.9582687496163
wavemap_33_1467 33174494.987957552 -129873680.14496973 1094.3290389517824
wavemap_35_1750 72930499.64339757 -114803953.17166996 1112.426212176485
wavemap_41_1905 106078588.55380718 -88187941.29829744 1130.2617161479986
wavemap_30_11086 129534665.61127046 -52739169.78401561 1147.846634041766
wavemap_55_643725 141245284.55454075 -11882331.257362494 1165.1912860544787
wavemap_9_164816 140304781.2309648 30604988.14533903 1182.3053011024558
wavemap_34_87642 126960332.85612497 70948985.50252959 1199.197680071889
wavemap_58_2035500 102517351.2009333 105704212.63492344 1215.87685180789
wavemap_22_6161 69164283.36301287 132022394.31758352 1232.350722836921
wavemap_14_14107 29739949.70532897 147849559.99237114 1248.6267216599658
wavemap_86_49855703 -12531867.193617364 152043357.83618888 1264.711838324586
wavemap_92_49855703 -54316451.5274201 144409685.26659608 1280.6126598772823
wavemap_32_248525 -92429008.59941328 125664035.1143467 1296.3354022090225
wavemap_20_9823427 -124064180.94230184 97327919.99181204 1311.8859387329371
wavemap_75_49855703 -146980508.33058897 61574247.4413292 1327.269826271367
wavemap_82_49855703 -159630929.0469381 21037554.85477252 1342.4923284774468
wavemap_80_49855703 -161235210.29757544 -21394337.82202464 1357.558437072526
wavemap_68_49855703 -151794636.84338677 -62791271.4718432 1372.4728911435345
wavemap_18_33493695 -132053132.37349415 -100379873.56821284 1387.2401947127871
wavemap_37_49855555 -103412071.576503 -131718775.78105956 1401.864632765716
wavemap_19_20729915 -67808272.18725497 -154840649.08700857 1416.3502858989364
wavemap_22_23393369 -27566013.80717672 -168354843.3522141 1430.701043731186
wavemap_19_18535467 14765549.90671069 -171507500.37473452 1444.9206172025938
wavemap_13_37087897 56578455.2800005 -164198920.90054867 1459.0125498729549
wavemap_9_14669231 95365215.87059073 -146960555.03079236 1472.9802283168958
wavemap_1_10732131 128862462.8976307 -120896141.15957755 1486.8268917026837
wavemap_1_89981 155171812.22926387 -87593171.77902873 1500.5556406317526
wavemap_1_60311 172852790.22016627 -49011984.39042632 1514.1694453075625
wavemap_1_2392146 180984688.4960992 -7360365.824894902 1527.6711530949904
wavemap_8_81828 179196212.44557267 35038349.299107045 1541.0634955249707
wavemap_1_26623979 167663636.62952435 75876055.65752986 1554.3490947933738
wavemap_6_13401237 147079801.12006274 112982621.63443862 1567.5304697980864
wavemap_1_95036 118597617.21028928 144434705.41971722 1580.6100417537978
wavemap_1_20022908 83752762.73980163 168645964.39948598 1593.5901394200755
wavemap_1_17099411 44370921.29031545 184435316.19441408 1606.473003974808
wavemap_1_62769168 2465259.441995224 191071285.47183502 1619.2607935620022
wavemap_1_3226531 -39870138.060382076 188291813.05349022 1631.9555875401543
wavemap_1_24165040 -80565411.29449996 176300150.9573306 1644.5593904549644
wavemap_1_2090997 -117673677.54390147 155738569.00057608 1657.0741357579516
wavemap_1_21698978 -149459110.15239328 127642518.41987656 1669.5016892905692
wavemap_1_218827 -174470885.57930166 93378611.46762083 1681.8438525516594
wavemap_1_1691093 -191600451.63112015 54570271.27290917 1694.1023657644955
wavemap_1_63141 -200120517.4719961 13015182.847258482 1706.2789107582432
wavemap_1_826179 -199705103.8380874 -29401256.707077596 1718.3751136773935
wavemap_1_4463 -190430879.28433192 -70792415.39394507 1730.3925475315627
