22, 6161, 37, 49855555, 2
22, 6161, 13, 37087897, 9
22, 6161, 9, 14669231, 2
22, 6161, 1, 10732131, 3
22, 6161, 1, 89981, 2
22, 6161, 1, 17099411, 3
22, 6161, 1, 62769168, 2
22, 6161, 1, 3226531, 1
22, 6161, 1, 24165040, 7
22, 6161, 1, 21698978, 9
22, 6161, 1, 218827, 9
22, 6161, 1, 1691093, 2
22, 6161, 1, 60311, 1
22, 6161, 1, 2392146, 1
22, 6161, 1, 26623979, 1
22, 6161, 6, 13401237, 4
22, 6161, 1, 63141, 13
22, 6161, 1, 826179, 28
22, 6161, 16, 1284, 6
22, 6161, 20, 123, 699
22, 6161, 27, 146, 83
22, 6161, 13, 101, 1363
22, 6161, 7, 101, 1041
22, 6161, 4, 101, 701
22, 6161, 8, 176, 96
22, 6161, 2, 101, 662
22, 6161, 3, 101, 1054
22, 6161, 5, 173, 33
22, 6161, 15, 690, 4
22, 6161, 11, 167, 13
22, 6161, 25, 167, 4
22, 6161, 89, 1202, 1
14, 14107, 80, 49855703, 301
14, 14107, 9, 14669231, 17
14, 14107, 1, 17099411, 1
14, 14107, 1, 3226531, 2
14, 14107, 1, 24165040, 2
14, 14107, 1, 21698978, 4
14, 14107, 1, 218827, 2
14, 14107, 1, 1691093, 2
14, 14107, 1, 2392146, 7
14, 14107, 1, 95036, 1
14, 14107, 1, 20022908, 3
14, 14107, 1, 63141, 4
14, 14107, 1, 826179, 2
14, 14107, 30, 11086, 30
14, 14107, 35, 1750, 5
14, 14107, 33, 1467, 1
14, 14107, 16, 1284, 4
14, 14107, 20, 123, 24
14, 14107, 27, 146, 5
14, 14107, 13, 101, 105
14, 14107, 7, 101, 1419
14, 14107, 4, 101, 562
14, 14107, 21, 1374, 26
14, 14107, 8, 176, 12
14, 14107, 2, 101, 946
14, 14107, 169, 11459, 1
14, 14107, 6, 284, 3
14, 14107, 3, 101, 1204
14, 14107, 5, 173, 333
14, 14107, 15, 690, 5
14, 14107, 11, 167, 471
14, 14107, 25, 167, 333
14, 14107, 53, 1266, 4
14, 14107, 89, 1202, 2
86, 49855703, 92, 49855703, 86
86, 49855703, 75, 49855703, 78
86, 49855703, 82, 49855703, 75
86, 49855703, 80, 49855703, 80
86, 49855703, 68, 49855703, 83
86, 49855703, 37, 49855555, 54
86, 49855703, 22, 23393369, 54
86, 49855703, 13, 37087897, 10
86, 49855703, 1, 89981, 15
86, 49855703, 8, 81828, 1
86, 49855703, 8, 176, 29
86, 49855703, 2, 101, 9
86, 49855703, 3, 101, 40
86, 49855703, 5, 173, 20
86, 49855703, 11, 167, 11
86, 49855703, 25, 167, 25
86, 49855703, 53, 1266, 44
92, 49855703, 75, 49855703, 78
92, 49855703, 82, 49855703, 81
92, 49855703, 80, 49855703, 80
92, 49855703, 68, 49855703, 84
92, 49855703, 37, 49855555, 55
92, 49855703, 22, 23393369, 54
92, 49855703, 13, 37087897, 10
92, 49855703, 1, 89981, 13
92, 49855703, 8, 81828, 5
92, 49855703, 8, 176, 30
92, 49855703, 2, 101, 9
92, 49855703, 3, 101, 39
92, 49855703, 5, 173, 20
92, 49855703, 11, 167, 11
92, 49855703, 25, 167, 25
92, 49855703, 53, 1266, 45
32, 248525, 1, 17099411, 1
32, 248525, 30, 11086, 3
32, 248525, 27, 146, 1
32, 248525, 7, 101, 5
32, 248525, 4, 101, 13
32, 248525, 2, 101, 366
32, 248525, 3, 101, 214
32, 248525, 5, 173, 548
32, 248525, 11, 167, 436
32, 248525, 25, 167, 580
32, 248525, 53, 1266, 43
32, 248525, 89, 1202, 1
20, 9823427, 19, 20729915, 8
20, 9823427, 1, 3226531, 2
20, 9823427, 1, 24165040, 5
20, 9823427, 1, 2090997, 1
20, 9823427, 8, 81828, 5
20, 9823427, 1, 26623979, 1
20, 9823427, 6, 13401237, 7
20, 9823427, 1, 95036, 1
20, 9823427, 4, 101, 5
20, 9823427, 17, 60024, 57
20, 9823427, 2, 101, 201
20, 9823427, 169, 11459, 1
20, 9823427, 6, 284, 455
20, 9823427, 175, 260453, 121
20, 9823427, 3, 101, 699
20, 9823427, 5, 173, 8
20, 9823427, 15, 690, 808
20, 9823427, 140, 180407, 264
20, 9823427, 120, 11459, 1
20, 9823427, 38, 1202, 53
20, 9823427, 11, 167, 6
20, 9823427, 25, 167, 71
20, 9823427, 53, 1266, 1
20, 9823427, 89, 1202, 481
75, 49855703, 82, 49855703, 67
75, 49855703, 80, 49855703, 78
75, 49855703, 68, 49855703, 75
75, 49855703, 37, 49855555, 52
75, 49855703, 22, 23393369, 51
75, 49855703, 13, 37087897, 10
75, 49855703, 1, 89981, 12
75, 49855703, 8, 176, 57
75, 49855703, 2, 101, 6
75, 49855703, 3, 101, 36
75, 49855703, 5, 173, 19
75, 49855703, 11, 167, 11
75, 49855703, 25, 167, 23
75, 49855703, 53, 1266, 36
82, 49855703, 80, 49855703, 69
82, 49855703, 68, 49855703, 78
82, 49855703, 37, 49855555, 46
82, 49855703, 22, 23393369, 43
82, 49855703, 13, 37087897, 10
82, 49855703, 1, 89981, 15
82, 49855703, 8, 81828, 5
82, 49855703, 8, 176, 25
82, 49855703, 2, 101, 9
82, 49855703, 3, 101, 42
82, 49855703, 5, 173, 17
82, 49855703, 11, 167, 12
82, 49855703, 25, 167, 25
82, 49855703, 53, 1266, 48
80, 49855703, 68, 49855703, 77
80, 49855703, 37, 49855555, 54
80, 49855703, 22, 23393369, 53
80, 49855703, 13, 37087897, 10
80, 49855703, 9, 14669231, 1
80, 49855703, 1, 89981, 13
80, 49855703, 1, 24165040, 1
80, 49855703, 1, 2392146, 2
80, 49855703, 8, 81828, 46
80, 49855703, 1, 95036, 1
80, 49855703, 1, 63141, 3
80, 49855703, 30, 11086, 1
80, 49855703, 20, 123, 1
80, 49855703, 13, 101, 7
80, 49855703, 7, 101, 503
80, 49855703, 4, 101, 121
80, 49855703, 8, 176, 23
80, 49855703, 2, 101, 255
80, 49855703, 169, 11459, 1
80, 49855703, 3, 101, 321
80, 49855703, 5, 173, 44
80, 49855703, 15, 690, 2
80, 49855703, 11, 167, 132
80, 49855703, 25, 167, 87
80, 49855703, 53, 1266, 40
80, 49855703, 89, 1202, 2
68, 49855703, 37, 49855555, 55
68, 49855703, 22, 23393369, 56
68, 49855703, 13, 37087897, 36
68, 49855703, 1, 89981, 55
68, 49855703, 8, 81828, 1
68, 49855703, 1, 20022908, 1
68, 49855703, 8, 176, 51
68, 49855703, 2, 101, 10
68, 49855703, 3, 101, 45
68, 49855703, 5, 173, 17
68, 49855703, 11, 167, 11
68, 49855703, 25, 167, 25
68, 49855703, 53, 1266, 51
18, 33493695, 19, 20729915, 1
18, 33493695, 1, 24165040, 1
18, 33493695, 1, 2090997, 1
18, 33493695, 1, 26623979, 1
18, 33493695, 1, 826179, 2
18, 33493695, 16, 1284, 49
18, 33493695, 4, 101, 3
18, 33493695, 17, 60024, 15
18, 33493695, 2, 101, 234
18, 33493695, 6, 284, 267
18, 33493695, 175, 260453, 47
18, 33493695, 3, 101, 518
18, 33493695, 5, 173, 11
18, 33493695, 15, 690, 652
18, 33493695, 140, 180407, 104
18, 33493695, 120, 11459, 1
18, 33493695, 38, 1202, 113
18, 33493695, 11, 167, 9
18, 33493695, 25, 167, 2
18, 33493695, 53, 1266, 2
18, 33493695, 89, 1202, 330
37, 49855555, 22, 23393369, 86
37, 49855555, 13, 37087897, 10
37, 49855555, 9, 14669231, 19
37, 49855555, 1, 89981, 14
37, 49855555, 1, 3226531, 1
37, 49855555, 1, 24165040, 3
37, 49855555, 1, 2090997, 1
37, 49855555, 1, 21698978, 7
37, 49855555, 1, 1691093, 1
37, 49855555, 8, 81828, 1
37, 49855555, 6, 13401237, 2
37, 49855555, 1, 95036, 2
37, 49855555, 1, 63141, 3
37, 49855555, 1, 826179, 3
37, 49855555, 20, 123, 166
37, 49855555, 27, 146, 11
37, 49855555, 13, 101, 164
37, 49855555, 7, 101, 254
37, 49855555, 4, 101, 275
37, 49855555, 29, 735, 1
37, 49855555, 21, 1374, 1
37, 49855555, 71, 102807, 1
37, 49855555, 65, 4182, 1
37, 49855555, 8, 176, 54
37, 49855555, 2, 101, 447
37, 49855555, 6, 284, 191
37, 49855555, 175, 260453, 1
37, 49855555, 3, 101, 524
37, 49855555, 5, 173, 317
37, 49855555, 15, 690, 90
37, 49855555, 140, 180407, 6
37, 49855555, 120, 11459, 5
37, 49855555, 38, 1202, 145
37, 49855555, 11, 167, 136
37, 49855555, 25, 167, 165
37, 49855555, 53, 1266, 62
37, 49855555, 89, 1202, 128
19, 20729915, 22, 23393369, 5
19, 20729915, 13, 37087897, 21
19, 20729915, 9, 14669231, 15
19, 20729915, 1, 10732131, 17
19, 20729915, 1, 89981, 17
19, 20729915, 1, 17099411, 32
19, 20729915, 1, 62769168, 1
19, 20729915, 1, 2090997, 2
19, 20729915, 1, 218827, 4
19, 20729915, 1, 60311, 3
19, 20729915, 8, 81828, 1
19, 20729915, 6, 13401237, 18
19, 20729915, 1, 95036, 1
19, 20729915, 1, 63141, 2
19, 20729915, 1, 826179, 1
19, 20729915, 35, 1750, 21
19, 20729915, 16, 1284, 14
19, 20729915, 27, 146, 1
19, 20729915, 12, 131002, 1
19, 20729915, 13, 101, 4
19, 20729915, 7, 101, 7
19, 20729915, 54, 1563, 1
19, 20729915, 4, 101, 118
19, 20729915, 29, 735, 1
19, 20729915, 21, 1374, 25
19, 20729915, 40, 38645, 1
19, 20729915, 71, 102807, 25
19, 20729915, 65, 4182, 1
19, 20729915, 17, 60024, 6
19, 20729915, 8, 176, 21
19, 20729915, 2, 101, 367
19, 20729915, 169, 11459, 1
19, 20729915, 6, 284, 293
19, 20729915, 175, 260453, 10
19, 20729915, 234, 262712, 1
19, 20729915, 3, 101, 614
19, 20729915, 5, 173, 263
19, 20729915, 15, 690, 451
19, 20729915, 140, 180407, 28
19, 20729915, 120, 11459, 12
19, 20729915, 38, 1202, 93
19, 20729915, 11, 167, 346
19, 20729915, 25, 167, 265
19, 20729915, 53, 1266, 116
19, 20729915, 89, 1202, 273
22, 23393369, 19, 18535467, 48
22, 23393369, 13, 37087897, 10
22, 23393369, 1, 10732131, 9
22, 23393369, 1, 89981, 12
22, 23393369, 1, 62769168, 1
22, 23393369, 1, 24165040, 1
22, 23393369, 1, 2090997, 7
22, 23393369, 1, 21698978, 2
22, 23393369, 1, 218827, 2
22, 23393369, 1, 60311, 48
22, 23393369, 8, 81828, 2
22, 23393369, 16, 1284, 3
22, 23393369, 20, 123, 38
22, 23393369, 27, 146, 3
22, 23393369, 12, 131002, 2
22, 23393369, 13, 101, 135
22, 23393369, 7, 101, 138
22, 23393369, 4, 101, 192
22, 23393369, 29, 735, 1
22, 23393369, 21, 1374, 45
22, 23393369, 40, 38645, 3
22, 23393369, 71, 102807, 5
22, 23393369, 17, 60024, 17
22, 23393369, 8, 176, 55
22, 23393369, 2, 101, 565
22, 23393369, 169, 11459, 2
22, 23393369, 6, 284, 632
22, 23393369, 175, 260453, 10
22, 23393369, 234, 262712, 4
22, 23393369, 3, 101, 966
22, 23393369, 5, 173, 210
22, 23393369, 15, 690, 442
22, 23393369, 140, 180407, 30
22, 23393369, 120, 11459, 9
22, 23393369, 38, 1202, 249
22, 23393369, 11, 167, 307
22, 23393369, 25, 167, 216
22, 23393369, 53, 1266, 108
22, 23393369, 89, 1202, 170
19, 18535467, 13, 37087897, 37
19, 18535467, 9, 14669231, 28
19, 18535467, 1, 10732131, 8
19, 18535467, 1, 89981, 11
19, 18535467, 1, 3226531, 1
19, 18535467, 1, 2090997, 1
19, 18535467, 1, 21698978, 1
19, 18535467, 1, 1691093, 2
19, 18535467, 1, 60311, 11
19, 18535467, 1, 2392146, 8
19, 18535467, 8, 81828, 1
19, 18535467, 1, 26623979, 22
19, 18535467, 1, 826179, 3
19, 18535467, 16, 1284, 13
19, 18535467, 20, 123, 1
19, 18535467, 12, 131002, 44
19, 18535467, 13, 101, 43
19, 18535467, 7, 101, 113
19, 18535467, 4, 101, 120
19, 18535467, 17, 60024, 27
19, 18535467, 8, 176, 75
19, 18535467, 2, 101, 621
19, 18535467, 169, 11459, 2
19, 18535467, 6, 284, 620
19, 18535467, 175, 260453, 4
19, 18535467, 234, 262712, 1
19, 18535467, 3, 101, 837
19, 18535467, 5, 173, 376
19, 18535467, 15, 690, 387
19, 18535467, 140, 180407, 17
19, 18535467, 120, 11459, 22
19, 18535467, 38, 1202, 317
19, 18535467, 11, 167, 267
19, 18535467, 25, 167, 144
19, 18535467, 53, 1266, 120
19, 18535467, 89, 1202, 193
13, 37087897, 9, 14669231, 68
13, 37087897, 1, 10732131, 23
13, 37087897, 1, 89981, 44
13, 37087897, 1, 2090997, 2
13, 37087897, 1, 21698978, 7
13, 37087897, 1, 1691093, 26
13, 37087897, 1, 60311, 21
13, 37087897, 1, 2392146, 8
13, 37087897, 8, 81828, 1
13, 37087897, 6, 13401237, 3
13, 37087897, 1, 95036, 9
13, 37087897, 1, 20022908, 4
13, 37087897, 1, 63141, 9
13, 37087897, 1, 826179, 16
13, 37087897, 30, 11086, 1
13, 37087897, 35, 1750, 1
13, 37087897, 16, 1284, 16
13, 37087897, 20, 123, 70
13, 37087897, 12, 131002, 15
13, 37087897, 13, 101, 72
13, 37087897, 7, 101, 418
13, 37087897, 4, 101, 234
13, 37087897, 304, 1850520, 3
13, 37087897, 29, 735, 4
13, 37087897, 21, 1374, 13
13, 37087897, 40, 38645, 2
13, 37087897, 71, 102807, 2
13, 37087897, 17, 60024, 39
13, 37087897, 8, 176, 159
13, 37087897, 2, 101, 802
13, 37087897, 169, 11459, 9
13, 37087897, 6, 284, 479
13, 37087897, 175, 260453, 13
13, 37087897, 234, 262712, 15
13, 37087897, 3, 101, 1281
13, 37087897, 5, 173, 610
13, 37087897, 15, 690, 297
13, 37087897, 140, 180407, 27
13, 37087897, 120, 11459, 94
13, 37087897, 38, 1202, 187
13, 37087897, 11, 167, 497
13, 37087897, 25, 167, 301
13, 37087897, 53, 1266, 199
13, 37087897, 89, 1202, 217
9, 14669231, 1, 10732131, 26
9, 14669231, 1, 89981, 11
9, 14669231, 1, 17099411, 3
9, 14669231, 1, 3226531, 1
9, 14669231, 1, 24165040, 1
9, 14669231, 1, 2090997, 2
9, 14669231, 1, 21698978, 4
9, 14669231, 1, 218827, 8
9, 14669231, 1, 1691093, 3
9, 14669231, 1, 60311, 8
9, 14669231, 1, 2392146, 18
9, 14669231, 6, 13401237, 16
9, 14669231, 1, 20022908, 3
9, 14669231, 1, 63141, 12
9, 14669231, 1, 826179, 14
9, 14669231, 34, 87642, 1
9, 14669231, 9, 164816, 23
9, 14669231, 16, 1284, 13
9, 14669231, 20, 123, 16
9, 14669231, 27, 146, 7
9, 14669231, 12, 131002, 7
9, 14669231, 13, 101, 96
9, 14669231, 7, 101, 286
9, 14669231, 54, 1563, 1
9, 14669231, 4, 101, 283
9, 14669231, 304, 1850520, 1
9, 14669231, 29, 735, 6
9, 14669231, 21, 1374, 27
9, 14669231, 40, 38645, 4
9, 14669231, 71, 102807, 1
9, 14669231, 65, 4182, 7
9, 14669231, 17, 60024, 56
9, 14669231, 8, 176, 252
9, 14669231, 2, 101, 1051
9, 14669231, 169, 11459, 16
9, 14669231, 6, 284, 399
9, 14669231, 175, 260453, 8
9, 14669231, 234, 262712, 9
9, 14669231, 3, 101, 1539
9, 14669231, 5, 173, 911
9, 14669231, 15, 690, 230
9, 14669231, 140, 180407, 35
9, 14669231, 120, 11459, 62
9, 14669231, 38, 1202, 156
9, 14669231, 11, 167, 684
9, 14669231, 25, 167, 433
9, 14669231, 53, 1266, 297
9, 14669231, 89, 1202, 238
1, 10732131, 1, 89981, 18
1, 10732131, 1, 17099411, 3
1, 10732131, 1, 62769168, 3
1, 10732131, 1, 2090997, 2
1, 10732131, 1, 21698978, 5
1, 10732131, 1, 218827, 5
1, 10732131, 1, 1691093, 9
1, 10732131, 1, 60311, 12
1, 10732131, 1, 2392146, 20
1, 10732131, 8, 81828, 5
1, 10732131, 1, 26623979, 1
1, 10732131, 6, 13401237, 6
1, 10732131, 1, 95036, 8
1, 10732131, 1, 20022908, 1
1, 10732131, 1, 63141, 6
1, 10732131, 1, 826179, 23
1, 10732131, 30, 11086, 1
1, 10732131, 41, 1905, 1
1, 10732131, 16, 1284, 7
1, 10732131, 20, 123, 25
1, 10732131, 27, 146, 9
1, 10732131, 12, 131002, 17
1, 10732131, 13, 101, 64
1, 10732131, 7, 101, 250
1, 10732131, 54, 1563, 3
1, 10732131, 4, 101, 404
1, 10732131, 304, 1850520, 3
1, 10732131, 29, 735, 17
1, 10732131, 21, 1374, 39
1, 10732131, 40, 38645, 9
1, 10732131, 71, 102807, 8
1, 10732131, 65, 4182, 23
1, 10732131, 17, 60024, 61
1, 10732131, 8, 176, 351
1, 10732131, 2, 101, 963
1, 10732131, 169, 11459, 30
1, 10732131, 6, 284, 687
1, 10732131, 175, 260453, 26
1, 10732131, 234, 262712, 19
1, 10732131, 3, 101, 1923
1, 10732131, 5, 173, 921
1, 10732131, 15, 690, 441
1, 10732131, 140, 180407, 110
1, 10732131, 120, 11459, 106
1, 10732131, 38, 1202, 359
1, 10732131, 11, 167, 725
1, 10732131, 25, 167, 570
1, 10732131, 53, 1266, 393
1, 10732131, 89, 1202, 410
1, 89981, 1, 62769168, 1
1, 89981, 1, 3226531, 2
1, 89981, 1, 24165040, 5
1, 89981, 1, 2090997, 1
1, 89981, 1, 21698978, 2
1, 89981, 1, 1691093, 4
1, 89981, 1, 60311, 17
1, 89981, 1, 2392146, 5
1, 89981, 8, 81828, 5
1, 89981, 1, 26623979, 1
1, 89981, 6, 13401237, 1
1, 89981, 1, 95036, 14
1, 89981, 1, 63141, 2
1, 89981, 1, 826179, 11
1, 89981, 58, 2035500, 1
1, 89981, 9, 164816, 13
1, 89981, 30, 11086, 1
1, 89981, 35, 1750, 1
1, 89981, 16, 1284, 12
1, 89981, 20, 123, 25
1, 89981, 48, 6608327, 3
1, 89981, 27, 146, 23
1, 89981, 12, 131002, 18
1, 89981, 13, 101, 96
1, 89981, 7, 101, 225
1, 89981, 54, 1563, 4
1, 89981, 4, 101, 298
1, 89981, 304, 1850520, 2
1, 89981, 29, 735, 41
1, 89981, 21, 1374, 96
1, 89981, 40, 38645, 23
1, 89981, 71, 102807, 8
1, 89981, 65, 4182, 29
1, 89981, 17, 60024, 126
1, 89981, 8, 176, 309
1, 89981, 2, 101, 1040
1, 89981, 169, 11459, 22
1, 89981, 6, 284, 1103
1, 89981, 175, 260453, 56
1, 89981, 234, 262712, 19
1, 89981, 3, 101, 2620
1, 89981, 5, 173, 969
1, 89981, 15, 690, 866
1, 89981, 140, 180407, 159
1, 89981, 120, 11459, 131
1, 89981, 38, 1202, 564
1, 89981, 11, 167, 844
1, 89981, 25, 167, 654
1, 89981, 53, 1266, 518
1, 89981, 89, 1202, 640
1, 17099411, 1, 3226531, 4
1, 17099411, 1, 2090997, 1
1, 17099411, 1, 218827, 1
1, 17099411, 1, 60311, 4
1, 17099411, 1, 2392146, 1
1, 17099411, 1, 26623979, 6
1, 17099411, 6, 13401237, 3
1, 17099411, 58, 2035500, 3
1, 17099411, 34, 87642, 2
1, 17099411, 9, 164816, 75
1, 17099411, 55, 643725, 6
1, 17099411, 30, 11086, 1
1, 17099411, 41, 1905, 1
1, 17099411, 35, 1750, 8
1, 17099411, 33, 1467, 17
1, 17099411, 16, 1284, 64
1, 17099411, 20, 123, 60
1, 17099411, 48, 6608327, 1
1, 17099411, 27, 146, 42
1, 17099411, 12, 131002, 73
1, 17099411, 13, 101, 253
1, 17099411, 7, 101, 577
1, 17099411, 54, 1563, 39
1, 17099411, 4, 101, 625
1, 17099411, 304, 1850520, 9
1, 17099411, 29, 735, 189
1, 17099411, 21, 1374, 380
1, 17099411, 40, 38645, 143
1, 17099411, 71, 102807, 22
1, 17099411, 65, 4182, 115
1, 17099411, 17, 60024, 456
1, 17099411, 8, 176, 640
1, 17099411, 2, 101, 1048
1, 17099411, 169, 11459, 69
1, 17099411, 6, 284, 3477
1, 17099411, 175, 260453, 170
1, 17099411, 234, 262712, 60
1, 17099411, 3, 101, 6432
1, 17099411, 5, 173, 1973
1, 17099411, 15, 690, 2999
1, 17099411, 140, 180407, 486
1, 17099411, 120, 11459, 369
1, 17099411, 38, 1202, 1846
1, 17099411, 11, 167, 2329
1, 17099411, 25, 167, 1656
1, 17099411, 53, 1266, 1379
1, 17099411, 89, 1202, 1932
1, 62769168, 1, 24165040, 6
1, 62769168, 1, 60311, 4
1, 62769168, 1, 26623979, 1
1, 62769168, 58, 2035500, 4
1, 62769168, 9, 164816, 109
1, 62769168, 55, 643725, 3
1, 62769168, 30, 11086, 2
1, 62769168, 41, 1905, 2
1, 62769168, 35, 1750, 6
1, 62769168, 33, 1467, 18
1, 62769168, 16, 1284, 35
1, 62769168, 20, 123, 46
1, 62769168, 48, 6608327, 4
1, 62769168, 27, 146, 55
1, 62769168, 12, 131002, 68
1, 62769168, 13, 101, 201
1, 62769168, 7, 101, 487
1, 62769168, 54, 1563, 46
1, 62769168, 4, 101, 661
1, 62769168, 304, 1850520, 9
1, 62769168, 29, 735, 268
1, 62769168, 21, 1374, 423
1, 62769168, 40, 38645, 91
1, 62769168, 71, 102807, 35
1, 62769168, 65, 4182, 160
1, 62769168, 17, 60024, 473
1, 62769168, 8, 176, 770
1, 62769168, 2, 101, 987
1, 62769168, 169, 11459, 53
1, 62769168, 6, 284, 3689
1, 62769168, 175, 260453, 189
1, 62769168, 234, 262712, 50
1, 62769168, 3, 101, 6901
1, 62769168, 5, 173, 2465
1, 62769168, 15, 690, 3150
1, 62769168, 140, 180407, 551
1, 62769168, 120, 11459, 370
1, 62769168, 38, 1202, 2003
1, 62769168, 11, 167, 2830
1, 62769168, 25, 167, 2122
1, 62769168, 53, 1266, 1641
1, 62769168, 89, 1202, 2122
1, 3226531, 1, 2392146, 1
1, 3226531, 6, 13401237, 3
1, 3226531, 1, 95036, 1
1, 3226531, 1, 826179, 1
1, 3226531, 58, 2035500, 1
1, 3226531, 34, 87642, 1
1, 3226531, 9, 164816, 54
1, 3226531, 55, 643725, 6
1, 3226531, 30, 11086, 2
1, 3226531, 41, 1905, 6
1, 3226531, 35, 1750, 9
1, 3226531, 33, 1467, 8
1, 3226531, 16, 1284, 50
1, 3226531, 20, 123, 63
1, 3226531, 48, 6608327, 8
1, 3226531, 27, 146, 46
1, 3226531, 12, 131002, 61
1, 3226531, 13, 101, 343
1, 3226531, 7, 101, 766
1, 3226531, 54, 1563, 26
1, 3226531, 4, 101, 637
1, 3226531, 304, 1850520, 14
1, 3226531, 29, 735, 136
1, 3226531, 21, 1374, 269
1, 3226531, 40, 38645, 51
1, 3226531, 71, 102807, 23
1, 3226531, 65, 4182, 88
1, 3226531, 17, 60024, 344
1, 3226531, 8, 176, 670
1, 3226531, 2, 101, 1129
1, 3226531, 169, 11459, 63
1, 3226531, 6, 284, 2937
1, 3226531, 175, 260453, 181
1, 3226531, 234, 262712, 62
1, 3226531, 3, 101, 6242
1, 3226531, 5, 173, 2040
1, 3226531, 15, 690, 2669
1, 3226531, 140, 180407, 485
1, 3226531, 120, 11459, 315
1, 3226531, 38, 1202, 1730
1, 3226531, 11, 167, 2223
1, 3226531, 25, 167, 1702
1, 3226531, 53, 1266, 1351
1, 3226531, 89, 1202, 1802
1, 24165040, 1, 60311, 1
1, 24165040, 1, 2392146, 7
1, 24165040, 1, 63141, 2
1, 24165040, 58, 2035500, 1
1, 24165040, 34, 87642, 4
1, 24165040, 9, 164816, 26
1, 24165040, 55, 643725, 1
1, 24165040, 41, 1905, 11
1, 24165040, 35, 1750, 6
1, 24165040, 33, 1467, 28
1, 24165040, 16, 1284, 75
1, 24165040, 20, 123, 91
1, 24165040, 48, 6608327, 5
1, 24165040, 27, 146, 68
1, 24165040, 12, 131002, 56
1, 24165040, 13, 101, 392
1, 24165040, 7, 101, 942
1, 24165040, 54, 1563, 43
1, 24165040, 4, 101, 866
1, 24165040, 304, 1850520, 16
1, 24165040, 29, 735, 252
1, 24165040, 21, 1374, 433
1, 24165040, 40, 38645, 87
1, 24165040, 71, 102807, 51
1, 24165040, 65, 4182, 157
1, 24165040, 17, 60024, 445
1, 24165040, 8, 176, 643
1, 24165040, 2, 101, 1061
1, 24165040, 169, 11459, 56
1, 24165040, 6, 284, 3154
1, 24165040, 175, 260453, 110
1, 24165040, 234, 262712, 87
1, 24165040, 3, 101, 6715
1, 24165040, 5, 173, 2263
1, 24165040, 15, 690, 2556
1, 24165040, 140, 180407, 401
1, 24165040, 120, 11459, 391
1, 24165040, 38, 1202, 1577
1, 24165040, 11, 167, 2905
1, 24165040, 25, 167, 1946
1, 24165040, 53, 1266, 1692
1, 24165040, 89, 1202, 1690
1, 2090997, 1, 218827, 1
1, 2090997, 1, 60311, 8
1, 2090997, 1, 2392146, 1
1, 2090997, 8, 81828, 1
1, 2090997, 1, 26623979, 4
1, 2090997, 6, 13401237, 1
1, 2090997, 1, 95036, 1
1, 2090997, 1, 63141, 2
1, 2090997, 1, 826179, 2
1, 2090997, 58, 2035500, 5
1, 2090997, 34, 87642, 2
1, 2090997, 9, 164816, 46
1, 2090997, 55, 643725, 2
1, 2090997, 30, 11086, 3
1, 2090997, 41, 1905, 2
1, 2090997, 35, 1750, 5
1, 2090997, 33, 1467, 6
1, 2090997, 16, 1284, 54
1, 2090997, 20, 123, 62
1, 2090997, 48, 6608327, 3
1, 2090997, 27, 146, 56
1, 2090997, 12, 131002, 39
1, 2090997, 13, 101, 300
1, 2090997, 7, 101, 688
1, 2090997, 54, 1563, 35
1, 2090997, 4, 101, 671
1, 2090997, 304, 1850520, 3
1, 2090997, 29, 735, 181
1, 2090997, 21, 1374, 270
1, 2090997, 40, 38645, 62
1, 2090997, 71, 102807, 24
1, 2090997, 65, 4182, 85
1, 2090997, 17, 60024, 324
1, 2090997, 8, 176, 679
1, 2090997, 2, 101, 1200
1, 2090997, 169, 11459, 38
1, 2090997, 6, 284, 2532
1, 2090997, 175, 260453, 139
1, 2090997, 234, 262712, 50
1, 2090997, 3, 101, 5838
1, 2090997, 5, 173, 2018
1, 2090997, 15, 690, 2169
1, 2090997, 140, 180407, 451
1, 2090997, 120, 11459, 279
1, 2090997, 38, 1202, 1468
1, 2090997, 11, 167, 2262
1, 2090997, 25, 167, 1690
1, 2090997, 53, 1266, 1340
1, 2090997, 89, 1202, 1594
1, 21698978, 1, 60311, 2
1, 21698978, 1, 2392146, 5
1, 21698978, 1, 95036, 1
1, 21698978, 1, 20022908, 3
1, 21698978, 34, 87642, 5
1, 21698978, 9, 164816, 31
1, 21698978, 55, 643725, 3
1, 21698978, 30, 11086, 11
1, 21698978, 41, 1905, 3
1, 21698978, 35, 1750, 15
1, 21698978, 33, 1467, 28
1, 21698978, 16, 1284, 106
1, 21698978, 20, 123, 125
1, 21698978, 48, 6608327, 3
1, 21698978, 27, 146, 68
1, 21698978, 12, 131002, 76
1, 21698978, 13, 101, 496
1, 21698978, 7, 101, 1231
1, 21698978, 54, 1563, 64
1, 21698978, 4, 101, 1205
1, 21698978, 304, 1850520, 6
1, 21698978, 29, 735, 322
1, 21698978, 21, 1374, 436
1, 21698978, 40, 38645, 100
1, 21698978, 71, 102807, 36
1, 21698978, 65, 4182, 175
1, 21698978, 17, 60024, 345
1, 21698978, 8, 176, 574
1, 21698978, 2, 101, 1184
1, 21698978, 169, 11459, 40
1, 21698978, 6, 284, 2540
1, 21698978, 175, 260453, 79
1, 21698978, 234, 262712, 50
1, 21698978, 3, 101, 6451
1, 21698978, 5, 173, 2176
1, 21698978, 15, 690, 1992
1, 21698978, 140, 180407, 286
1, 21698978, 120, 11459, 288
1, 21698978, 38, 1202, 1154
1, 21698978, 11, 167, 2879
1, 21698978, 25, 167, 1853
1, 21698978, 53, 1266, 1484
1, 21698978, 89, 1202, 1326
1, 218827, 1, 1691093, 2
1, 218827, 1, 60311, 2
1, 218827, 8, 81828, 7
1, 218827, 1, 26623979, 2
1, 218827, 1, 95036, 1
1, 218827, 1, 20022908, 1
1, 218827, 1, 826179, 9
1, 218827, 1, 4463, 1
1, 218827, 58, 2035500, 2
1, 218827, 9, 164816, 22
1, 218827, 55, 643725, 2
1, 218827, 30, 11086, 6
1, 218827, 41, 1905, 8
1, 218827, 35, 1750, 5
1, 218827, 33, 1467, 26
1, 218827, 16, 1284, 50
1, 218827, 20, 123, 87
1, 218827, 48, 6608327, 10
1, 218827, 27, 146, 52
1, 218827, 12, 131002, 71
1, 218827, 13, 101, 355
1, 218827, 7, 101, 783
1, 218827, 54, 1563, 46
1, 218827, 4, 101, 770
1, 218827, 304, 1850520, 12
1, 218827, 29, 735, 228
1, 218827, 21, 1374, 326
1, 218827, 40, 38645, 108
1, 218827, 71, 102807, 27
1, 218827, 65, 4182, 116
1, 218827, 17, 60024, 289
1, 218827, 8, 176, 639
1, 218827, 2, 101, 1276
1, 218827, 169, 11459, 45
1, 218827, 6, 284, 2533
1, 218827, 175, 260453, 93
1, 218827, 234, 262712, 46
1, 218827, 3, 101, 5942
1, 218827, 5, 173, 2268
1, 218827, 15, 690, 1977
1, 218827, 140, 180407, 335
1, 218827, 120, 11459, 270
1, 218827, 38, 1202, 1216
1, 218827, 11, 167, 2657
1, 218827, 25, 167, 1872
1, 218827, 53, 1266, 1476
1, 218827, 89, 1202, 1442
1, 1691093, 1, 60311, 3
1, 1691093, 1, 2392146, 1
1, 1691093, 8, 81828, 3
1, 1691093, 1, 26623979, 2
1, 1691093, 1, 95036, 6
1, 1691093, 1, 826179, 2
1, 1691093, 34, 87642, 5
1, 1691093, 9, 164816, 8
1, 1691093, 55, 643725, 1
1, 1691093, 30, 11086, 8
1, 1691093, 41, 1905, 9
1, 1691093, 35, 1750, 10
1, 1691093, 33, 1467, 33
1, 1691093, 16, 1284, 80
1, 1691093, 20, 123, 180
1, 1691093, 48, 6608327, 7
1, 1691093, 27, 146, 80
1, 1691093, 12, 131002, 54
1, 1691093, 13, 101, 647
1, 1691093, 7, 101, 1506
1, 1691093, 54, 1563, 44
1, 1691093, 4, 101, 1154
1, 1691093, 304, 1850520, 8
1, 1691093, 29, 735, 228
1, 1691093, 21, 1374, 270
1, 1691093, 40, 38645, 64
1, 1691093, 71, 102807, 39
1, 1691093, 65, 4182, 93
1, 1691093, 17, 60024, 229
1, 1691093, 8, 176, 581
1, 1691093, 2, 101, 1370
1, 1691093, 169, 11459, 34
1, 1691093, 6, 284, 1869
1, 1691093, 175, 260453, 71
1, 1691093, 234, 262712, 36
1, 1691093, 3, 101, 5738
1, 1691093, 5, 173, 1756
1, 1691093, 15, 690, 1520
1, 1691093, 140, 180407, 249
1, 1691093, 120, 11459, 213
1, 1691093, 38, 1202, 799
1, 1691093, 11, 167, 2154
1, 1691093, 25, 167, 1492
1, 1691093, 53, 1266, 1147
1, 1691093, 89, 1202, 1013
1, 60311, 1, 2392146, 7
1, 60311, 8, 81828, 1
1, 60311, 1, 26623979, 8
1, 60311, 6, 13401237, 6
1, 60311, 1, 20022908, 1
1, 60311, 1, 63141, 10
1, 60311, 1, 826179, 9
1, 60311, 58, 2035500, 3
1, 60311, 34, 87642, 1
1, 60311, 9, 164816, 31
1, 60311, 41, 1905, 1
1, 60311, 35, 1750, 1
1, 60311, 33, 1467, 1
1, 60311, 16, 1284, 16
1, 60311, 20, 123, 22
1, 60311, 27, 146, 14
1, 60311, 12, 131002, 32
1, 60311, 13, 101, 87
1, 60311, 7, 101, 274
1, 60311, 54, 1563, 2
1, 60311, 4, 101, 352
1, 60311, 304, 1850520, 1
1, 60311, 29, 735, 30
1, 60311, 21, 1374, 55
1, 60311, 40, 38645, 11
1, 60311, 71, 102807, 9
1, 60311, 65, 4182, 12
1, 60311, 17, 60024, 121
1, 60311, 8, 176, 220
1, 60311, 2, 101, 924
1, 60311, 169, 11459, 22
1, 60311, 6, 284, 992
1, 60311, 175, 260453, 63
1, 60311, 234, 262712, 18
1, 60311, 3, 101, 2389
1, 60311, 5, 173, 875
1, 60311, 15, 690, 844
1, 60311, 140, 180407, 155
1, 60311, 120, 11459, 117
1, 60311, 38, 1202, 525
1, 60311, 11, 167, 742
1, 60311, 25, 167, 589
1, 60311, 53, 1266, 457
1, 60311, 89, 1202, 553
1, 2392146, 8, 81828, 2
1, 2392146, 1, 26623979, 1
1, 2392146, 6, 13401237, 8
1, 2392146, 1, 20022908, 1
1, 2392146, 1, 63141, 6
1, 2392146, 1, 826179, 3
1, 2392146, 58, 2035500, 5
1, 2392146, 9, 164816, 88
1, 2392146, 55, 643725, 2
1, 2392146, 30, 11086, 1
1, 2392146, 35, 1750, 1
1, 2392146, 33, 1467, 6
1, 2392146, 16, 1284, 23
1, 2392146, 20, 123, 31
1, 2392146, 48, 6608327, 6
1, 2392146, 27, 146, 36
1, 2392146, 12, 131002, 33
1, 2392146, 13, 101, 113
1, 2392146, 7, 101, 312
1, 2392146, 54, 1563, 13
1, 2392146, 4, 101, 391
1, 2392146, 304, 1850520, 15
1, 2392146, 29, 735, 64
1, 2392146, 21, 1374, 168
1, 2392146, 40, 38645, 49
1, 2392146, 71, 102807, 34
1, 2392146, 65, 4182, 50
1, 2392146, 17, 60024, 278
1, 2392146, 8, 176, 299
1, 2392146, 2, 101, 1109
1, 2392146, 169, 11459, 41
1, 2392146, 6, 284, 2253
1, 2392146, 175, 260453, 91
1, 2392146, 234, 262712, 55
1, 2392146, 3, 101, 4168
1, 2392146, 5, 173, 1288
1, 2392146, 15, 690, 1901
1, 2392146, 140, 180407, 296
1, 2392146, 120, 11459, 228
1, 2392146, 38, 1202, 1282
1, 2392146, 11, 167, 1353
1, 2392146, 25, 167, 943
1, 2392146, 53, 1266, 771
1, 2392146, 89, 1202, 1182
8, 81828, 1, 26623979, 6
8, 81828, 6, 13401237, 7
8, 81828, 1, 20022908, 5
8, 81828, 1, 826179, 4
8, 81828, 58, 2035500, 3
8, 81828, 9, 164816, 78
8, 81828, 55, 643725, 4
8, 81828, 30, 11086, 2
8, 81828, 41, 1905, 2
8, 81828, 35, 1750, 1
8, 81828, 33, 1467, 14
8, 81828, 16, 1284, 32
8, 81828, 20, 123, 39
8, 81828, 48, 6608327, 4
8, 81828, 27, 146, 40
8, 81828, 12, 131002, 39
8, 81828, 13, 101, 153
8, 81828, 7, 101, 394
8, 81828, 54, 1563, 13
8, 81828, 4, 101, 457
8, 81828, 304, 1850520, 13
8, 81828, 29, 735, 130
8, 81828, 21, 1374, 274
8, 81828, 40, 38645, 66
8, 81828, 71, 102807, 24
8, 81828, 65, 4182, 72
8, 81828, 17, 60024, 351
8, 81828, 8, 176, 320
8, 81828, 2, 101, 997
8, 81828, 169, 11459, 36
8, 81828, 6, 284, 3194
8, 81828, 175, 260453, 197
8, 81828, 234, 262712, 54
8, 81828, 3, 101, 5458
8, 81828, 5, 173, 1413
8, 81828, 15, 690, 2926
8, 81828, 140, 180407, 500
8, 81828, 120, 11459, 270
8, 81828, 38, 1202, 1877
8, 81828, 11, 167, 1717
8, 81828, 25, 167, 1114
8, 81828, 53, 1266, 1061
8, 81828, 89, 1202, 1775
1, 26623979, 1, 95036, 3
1, 26623979, 1, 826179, 1
1, 26623979, 58, 2035500, 3
1, 26623979, 9, 164816, 46
1, 26623979, 55, 643725, 6
1, 26623979, 30, 11086, 1
1, 26623979, 41, 1905, 1
1, 26623979, 33, 1467, 14
1, 26623979, 16, 1284, 45
1, 26623979, 20, 123, 39
1, 26623979, 48, 6608327, 8
1, 26623979, 27, 146, 35
1, 26623979, 12, 131002, 38
1, 26623979, 13, 101, 182
1, 26623979, 7, 101, 391
1, 26623979, 54, 1563, 23
1, 26623979, 4, 101, 488
1, 26623979, 304, 1850520, 14
1, 26623979, 29, 735, 127
1, 26623979, 21, 1374, 290
1, 26623979, 40, 38645, 58
1, 26623979, 71, 102807, 22
1, 26623979, 65, 4182, 84
1, 26623979, 17, 60024, 394
1, 26623979, 8, 176, 404
1, 26623979, 2, 101, 966
1, 26623979, 169, 11459, 47
1, 26623979, 6, 284, 3410
1, 26623979, 175, 260453, 179
1, 26623979, 234, 262712, 63
1, 26623979, 3, 101, 5763
1, 26623979, 5, 173, 1558
1, 26623979, 15, 690, 3116
1, 26623979, 140, 180407, 514
1, 26623979, 120, 11459, 327
1, 26623979, 38, 1202, 2068
1, 26623979, 11, 167, 1903
1, 26623979, 25, 167, 1237
1, 26623979, 53, 1266, 1096
1, 26623979, 89, 1202, 1844
6, 13401237, 1, 95036, 1
6, 13401237, 1, 63141, 1
6, 13401237, 1, 826179, 2
6, 13401237, 58, 2035500, 2
6, 13401237, 34, 87642, 5
6, 13401237, 9, 164816, 86
6, 13401237, 55, 643725, 6
6, 13401237, 41, 1905, 1
6, 13401237, 35, 1750, 3
6, 13401237, 33, 1467, 8
6, 13401237, 16, 1284, 50
6, 13401237, 20, 123, 42
6, 13401237, 48, 6608327, 2
6, 13401237, 27, 146, 48
6, 13401237, 12, 131002, 48
6, 13401237, 13, 101, 164
6, 13401237, 7, 101, 438
6, 13401237, 54, 1563, 36
6, 13401237, 4, 101, 556
6, 13401237, 304, 1850520, 6
6, 13401237, 29, 735, 166
6, 13401237, 21, 1374, 402
6, 13401237, 40, 38645, 107
6, 13401237, 71, 102807, 38
6, 13401237, 65, 4182, 114
6, 13401237, 17, 60024, 465
6, 13401237, 8, 176, 488
6, 13401237, 2, 101, 931
6, 13401237, 169, 11459, 50
6, 13401237, 6, 284, 3869
6, 13401237, 175, 260453, 225
6, 13401237, 234, 262712, 46
6, 13401237, 3, 101, 6442
6, 13401237, 5, 173, 1824
6, 13401237, 15, 690, 3549
6, 13401237, 140, 180407, 649
6, 13401237, 120, 11459, 326
6, 13401237, 38, 1202, 2364
6, 13401237, 11, 167, 2210
6, 13401237, 25, 167, 1448
6, 13401237, 53, 1266, 1296
6, 13401237, 89, 1202, 2184
1, 95036, 1, 826179, 1
1, 95036, 58, 2035500, 9
1, 95036, 34, 87642, 1
1, 95036, 9, 164816, 63
1, 95036, 55, 643725, 7
1, 95036, 30, 11086, 5
1, 95036, 35, 1750, 3
1, 95036, 33, 1467, 19
1, 95036, 16, 1284, 36
1, 95036, 20, 123, 48
1, 95036, 48, 6608327, 7
1, 95036, 27, 146, 47
1, 95036, 12, 131002, 46
1, 95036, 13, 101, 177
1, 95036, 7, 101, 492
1, 95036, 54, 1563, 30
1, 95036, 4, 101, 577
1, 95036, 304, 1850520, 8
1, 95036, 29, 735, 169
1, 95036, 21, 1374, 379
1, 95036, 40, 38645, 93
1, 95036, 71, 102807, 22
1, 95036, 65, 4182, 123
1, 95036, 17, 60024, 425
1, 95036, 8, 176, 561
1, 95036, 2, 101, 1035
1, 95036, 169, 11459, 65
1, 95036, 6, 284, 3778
1, 95036, 175, 260453, 204
1, 95036, 234, 262712, 64
1, 95036, 3, 101, 6554
1, 95036, 5, 173, 1971
1, 95036, 15, 690, 3378
1, 95036, 140, 180407, 530
1, 95036, 120, 11459, 339
1, 95036, 38, 1202, 2220
1, 95036, 11, 167, 2343
1, 95036, 25, 167, 1643
1, 95036, 53, 1266, 1428
1, 95036, 89, 1202, 2073
1, 20022908, 1, 63141, 1
1, 20022908, 9, 164816, 49
1, 20022908, 55, 643725, 8
1, 20022908, 30, 11086, 3
1, 20022908, 41, 1905, 1
1, 20022908, 35, 1750, 1
1, 20022908, 33, 1467, 9
1, 20022908, 16, 1284, 41
1, 20022908, 20, 123, 33
1, 20022908, 48, 6608327, 9
1, 20022908, 27, 146, 31
1, 20022908, 12, 131002, 82
1, 20022908, 13, 101, 140
1, 20022908, 7, 101, 366
1, 20022908, 54, 1563, 28
1, 20022908, 4, 101, 531
1, 20022908, 304, 1850520, 8
1, 20022908, 29, 735, 153
1, 20022908, 21, 1374, 297
1, 20022908, 40, 38645, 109
1, 20022908, 71, 102807, 35
1, 20022908, 65, 4182, 101
1, 20022908, 17, 60024, 436
1, 20022908, 8, 176, 690
1, 20022908, 2, 101, 976
1, 20022908, 169, 11459, 60
1, 20022908, 6, 284, 3580
1, 20022908, 175, 260453, 201
1, 20022908, 234, 262712, 85
1, 20022908, 3, 101, 6470
1, 20022908, 5, 173, 2101
1, 20022908, 15, 690, 3306
1, 20022908, 140, 180407, 552
1, 20022908, 120, 11459, 374
1, 20022908, 38, 1202, 2077
1, 20022908, 11, 167, 2385
1, 20022908, 25, 167, 1810
1, 20022908, 53, 1266, 1471
1, 20022908, 89, 1202, 2143
1, 63141, 1, 826179, 9
1, 63141, 58, 2035500, 2
1, 63141, 34, 87642, 4
1, 63141, 9, 164816, 29
1, 63141, 30, 11086, 25
1, 63141, 41, 1905, 6
1, 63141, 35, 1750, 16
1, 63141, 33, 1467, 28
1, 63141, 16, 1284, 124
1, 63141, 20, 123, 284
1, 63141, 27, 146, 105
1, 63141, 12, 131002, 35
1, 63141, 13, 101, 947
1, 63141, 7, 101, 2076
1, 63141, 54, 1563, 42
1, 63141, 4, 101, 1454
1, 63141, 304, 1850520, 7
1, 63141, 29, 735, 182
1, 63141, 21, 1374, 260
1, 63141, 40, 38645, 91
1, 63141, 71, 102807, 29
1, 63141, 65, 4182, 94
1, 63141, 17, 60024, 162
1, 63141, 8, 176, 524
1, 63141, 2, 101, 1479
1, 63141, 169, 11459, 25
1, 63141, 6, 284, 1438
1, 63141, 175, 260453, 29
1, 63141, 234, 262712, 25
1, 63141, 3, 101, 5664
1, 63141, 5, 173, 1597
1, 63141, 15, 690, 1070
1, 63141, 140, 180407, 125
1, 63141, 120, 11459, 163
1, 63141, 38, 1202, 512
1, 63141, 11, 167, 1897
1, 63141, 25, 167, 1367
1, 63141, 53, 1266, 881
1, 63141, 89, 1202, 724
1, 826179, 1, 4463, 2
1, 826179, 58, 2035500, 1
1, 826179, 34, 87642, 8
1, 826179, 9, 164816, 9
1, 826179, 30, 11086, 23
1, 826179, 41, 1905, 3
1, 826179, 35, 1750, 33
1, 826179, 33, 1467, 32
1, 826179, 16, 1284, 172
1, 826179, 20, 123, 483
1, 826179, 48, 6608327, 4
1, 826179, 27, 146, 117
1, 826179, 12, 131002, 36
1, 826179, 13, 101, 1641
1, 826179, 7, 101, 3371
1, 826179, 54, 1563, 33
1, 826179, 4, 101, 2125
1, 826179, 304, 1850520, 3
1, 826179, 29, 735, 149
1, 826179, 21, 1374, 159
1, 826179, 40, 38645, 40
1, 826179, 71, 102807, 26
1, 826179, 65, 4182, 70
1, 826179, 17, 60024, 134
1, 826179, 8, 176, 379
1, 826179, 2, 101, 1688
1, 826179, 169, 11459, 12
1, 826179, 6, 284, 982
1, 826179, 175, 260453, 21
1, 826179, 234, 262712, 16
1, 826179, 3, 101, 6079
1, 826179, 5, 173, 1194
1, 826179, 15, 690, 710
1, 826179, 140, 180407, 65
1, 826179, 120, 11459, 90
1, 826179, 38, 1202, 283
1, 826179, 11, 167, 1660
1, 826179, 25, 167, 1073
1, 826179, 53, 1266, 607
1, 826179, 89, 1202, 422
1, 4463, 16, 1284, 1
1, 4463, 20, 123, 3
1, 4463, 27, 146, 1
1, 4463, 13, 101, 16
1, 4463, 7, 101, 42
1, 4463, 4, 101, 20
1, 4463, 29, 735, 2
1, 4463, 21, 1374, 1
1, 4463, 8, 176, 4
1, 4463, 2, 101, 28
1, 4463, 6, 284, 2
1, 4463, 3, 101, 57
1, 4463, 5, 173, 13
1, 4463, 15, 690, 1
1, 4463, 11, 167, 10
1, 4463, 25, 167, 9
1, 4463, 53, 1266, 3
58, 2035500, 9, 164816, 861
58, 2035500, 27, 146, 874
58, 2035500, 4, 101, 3
58, 2035500, 304, 1850520, 1
58, 2035500, 29, 735, 1
58, 2035500, 21, 1374, 14
58, 2035500, 40, 38645, 4
58, 2035500, 17, 60024, 901
58, 2035500, 2, 101, 433
58, 2035500, 169, 11459, 12
58, 2035500, 6, 284, 453
58, 2035500, 234, 262712, 13
58, 2035500, 3, 101, 900
58, 2035500, 5, 173, 747
58, 2035500, 15, 690, 147
58, 2035500, 140, 180407, 8
58, 2035500, 120, 11459, 119
58, 2035500, 38, 1202, 5
58, 2035500, 11, 167, 123
58, 2035500, 25, 167, 23
58, 2035500, 53, 1266, 851
58, 2035500, 89, 1202, 92
34, 87642, 41, 1905, 131
34, 87642, 35, 1750, 2
34, 87642, 33, 1467, 1
34, 87642, 16, 1284, 2470
34, 87642, 20, 123, 58
34, 87642, 27, 146, 1655
34, 87642, 12, 131002, 99
34, 87642, 13, 101, 34
34, 87642, 7, 101, 2088
34, 87642, 4, 101, 1908
34, 87642, 29, 735, 45
34, 87642, 21, 1374, 2
34, 87642, 40, 38645, 10
34, 87642, 65, 4182, 24
34, 87642, 17, 60024, 144
34, 87642, 8, 176, 1
34, 87642, 2, 101, 1870
34, 87642, 6, 284, 624
34, 87642, 3, 101, 2244
34, 87642, 5, 173, 468
34, 87642, 15, 690, 205
34, 87642, 140, 180407, 1
34, 87642, 120, 11459, 6
34, 87642, 38, 1202, 5
34, 87642, 11, 167, 1632
34, 87642, 25, 167, 598
34, 87642, 53, 1266, 31
34, 87642, 89, 1202, 12
9, 164816, 35, 1750, 1
9, 164816, 33, 1467, 2
9, 164816, 20, 123, 1
9, 164816, 27, 146, 6102
9, 164816, 12, 131002, 4
9, 164816, 13, 101, 5
9, 164816, 7, 101, 7
9, 164816, 54, 1563, 10
9, 164816, 4, 101, 113
9, 164816, 304, 1850520, 3
9, 164816, 29, 735, 47
9, 164816, 21, 1374, 218
9, 164816, 40, 38645, 47
9, 164816, 71, 102807, 1
9, 164816, 65, 4182, 5
9, 164816, 17, 60024, 8255
9, 164816, 8, 176, 25
9, 164816, 2, 101, 6242
9, 164816, 169, 11459, 27
9, 164816, 6, 284, 3093
9, 164816, 175, 260453, 1
9, 164816, 234, 262712, 27
9, 164816, 3, 101, 18234
9, 164816, 5, 173, 7771
9, 164816, 15, 690, 829
9, 164816, 140, 180407, 28
9, 164816, 120, 11459, 231
9, 164816, 38, 1202, 46
9, 164816, 11, 167, 945
9, 164816, 25, 167, 196
9, 164816, 53, 1266, 3122
9, 164816, 89, 1202, 261
55, 643725, 4, 101, 29
55, 643725, 304, 1850520, 6
55, 643725, 21, 1374, 21
55, 643725, 40, 38645, 3
55, 643725, 71, 102807, 6
55, 643725, 65, 4182, 4
55, 643725, 17, 60024, 430
55, 643725, 8, 176, 1
55, 643725, 2, 101, 1314
55, 643725, 169, 11459, 64
55, 643725, 6, 284, 1475
55, 643725, 175, 260453, 2
55, 643725, 234, 262712, 40
55, 643725, 3, 101, 3551
55, 643725, 5, 173, 2526
55, 643725, 15, 690, 640
55, 643725, 140, 180407, 20
55, 643725, 120, 11459, 1064
55, 643725, 38, 1202, 53
55, 643725, 11, 167, 3861
55, 643725, 25, 167, 3714
55, 643725, 53, 1266, 2924
55, 643725, 89, 1202, 140
30, 11086, 35, 1750, 170
30, 11086, 33, 1467, 149
30, 11086, 16, 1284, 9
30, 11086, 20, 123, 34
30, 11086, 27, 146, 88
30, 11086, 12, 131002, 1
30, 11086, 13, 101, 174
30, 11086, 7, 101, 485
30, 11086, 4, 101, 3773
30, 11086, 29, 735, 1
30, 11086, 65, 4182, 1
30, 11086, 8, 176, 15
30, 11086, 2, 101, 3780
30, 11086, 169, 11459, 2
30, 11086, 6, 284, 39
30, 11086, 3, 101, 3205
30, 11086, 5, 173, 1181
30, 11086, 15, 690, 162
30, 11086, 120, 11459, 2
30, 11086, 38, 1202, 63
30, 11086, 11, 167, 6961
30, 11086, 25, 167, 5629
30, 11086, 53, 1266, 121
30, 11086, 89, 1202, 8
41, 1905, 35, 1750, 2
41, 1905, 33, 1467, 160
41, 1905, 16, 1284, 793
41, 1905, 20, 123, 1
41, 1905, 27, 146, 4445
41, 1905, 12, 131002, 32
41, 1905, 13, 101, 19
41, 1905, 7, 101, 754
41, 1905, 4, 101, 4281
41, 1905, 29, 735, 12
41, 1905, 21, 1374, 69
41, 1905, 40, 38645, 1
41, 1905, 65, 4182, 5
41, 1905, 17, 60024, 25
41, 1905, 8, 176, 1292
41, 1905, 2, 101, 3495
41, 1905, 6, 284, 2273
41, 1905, 234, 262712, 1
41, 1905, 3, 101, 2267
41, 1905, 5, 173, 246
41, 1905, 15, 690, 2762
41, 1905, 140, 180407, 1
41, 1905, 120, 11459, 8
41, 1905, 38, 1202, 11
41, 1905, 11, 167, 3237
41, 1905, 25, 167, 490
41, 1905, 53, 1266, 73
41, 1905, 89, 1202, 15
35, 1750, 33, 1467, 374
35, 1750, 16, 1284, 290
35, 1750, 20, 123, 19
35, 1750, 27, 146, 333
35, 1750, 13, 101, 87
35, 1750, 7, 101, 386
35, 1750, 54, 1563, 3
35, 1750, 4, 101, 2396
35, 1750, 29, 735, 20
35, 1750, 21, 1374, 10
35, 1750, 65, 4182, 1
35, 1750, 17, 60024, 4
35, 1750, 8, 176, 107
35, 1750, 2, 101, 4120
35, 1750, 169, 11459, 1
35, 1750, 6, 284, 672
35, 1750, 3, 101, 4349
35, 1750, 5, 173, 3276
35, 1750, 15, 690, 437
35, 1750, 120, 11459, 3
35, 1750, 38, 1202, 10
35, 1750, 11, 167, 6844
35, 1750, 25, 167, 6504
35, 1750, 53, 1266, 120
35, 1750, 89, 1202, 18
33, 1467, 16, 1284, 15
33, 1467, 20, 123, 7
33, 1467, 27, 146, 317
33, 1467, 13, 101, 327
33, 1467, 7, 101, 780
33, 1467, 54, 1563, 24
33, 1467, 4, 101, 6582
33, 1467, 29, 735, 220
33, 1467, 21, 1374, 339
33, 1467, 40, 38645, 5
33, 1467, 71, 102807, 1
33, 1467, 65, 4182, 57
33, 1467, 17, 60024, 1013
33, 1467, 8, 176, 5000
33, 1467, 2, 101, 5888
33, 1467, 169, 11459, 1
33, 1467, 6, 284, 6961
33, 1467, 234, 262712, 3
33, 1467, 3, 101, 7344
33, 1467, 5, 173, 102
33, 1467, 15, 690, 7710
33, 1467, 140, 180407, 6
33, 1467, 120, 11459, 81
33, 1467, 38, 1202, 428
33, 1467, 11, 167, 3556
33, 1467, 25, 167, 8013
33, 1467, 53, 1266, 926
33, 1467, 89, 1202, 72
16, 1284, 20, 123, 721
16, 1284, 27, 146, 5666
16, 1284, 12, 131002, 239
16, 1284, 13, 101, 6564
16, 1284, 7, 101, 25795
16, 1284, 54, 1563, 3
16, 1284, 4, 101, 10324
16, 1284, 29, 735, 130
16, 1284, 21, 1374, 1120
16, 1284, 40, 38645, 55
16, 1284, 71, 102807, 1
16, 1284, 65, 4182, 91
16, 1284, 17, 60024, 136
16, 1284, 8, 176, 162
16, 1284, 2, 101, 16572
16, 1284, 169, 11459, 10
16, 1284, 6, 284, 4386
16, 1284, 175, 260453, 701
16, 1284, 234, 262712, 2
16, 1284, 3, 101, 25926
16, 1284, 5, 173, 1979
16, 1284, 15, 690, 6514
16, 1284, 140, 180407, 593
16, 1284, 120, 11459, 50
16, 1284, 38, 1202, 1928
16, 1284, 11, 167, 6033
16, 1284, 25, 167, 1165
16, 1284, 53, 1266, 150
16, 1284, 89, 1202, 3498
20, 123, 27, 146, 4771
20, 123, 12, 131002, 7
20, 123, 13, 101, 22125
20, 123, 7, 101, 30510
20, 123, 4, 101, 8606
20, 123, 29, 735, 369
20, 123, 21, 1374, 116
20, 123, 40, 38645, 87
20, 123, 71, 102807, 1
20, 123, 65, 4182, 1
20, 123, 17, 60024, 3
20, 123, 8, 176, 1562
20, 123, 2, 101, 13502
20, 123, 6, 284, 222
20, 123, 3, 101, 26596
20, 123, 5, 173, 1252
20, 123, 15, 690, 562
20, 123, 140, 180407, 8
20, 123, 120, 11459, 2
20, 123, 38, 1202, 27
20, 123, 11, 167, 1122
20, 123, 25, 167, 822
20, 123, 53, 1266, 79
20, 123, 89, 1202, 35
48, 6608327, 12, 131002, 1
48, 6608327, 4, 101, 23
48, 6608327, 21, 1374, 4
48, 6608327, 40, 38645, 1
48, 6608327, 17, 60024, 42
48, 6608327, 8, 176, 6
48, 6608327, 2, 101, 5613
48, 6608327, 169, 11459, 6
48, 6608327, 6, 284, 11903
48, 6608327, 175, 260453, 2098
48, 6608327, 234, 262712, 3
48, 6608327, 3, 101, 10146
48, 6608327, 5, 173, 465
48, 6608327, 15, 690, 13051
48, 6608327, 140, 180407, 6159
48, 6608327, 120, 11459, 30
48, 6608327, 38, 1202, 10641
48, 6608327, 11, 167, 264
48, 6608327, 25, 167, 71
48, 6608327, 53, 1266, 27
48, 6608327, 89, 1202, 2719
27, 146, 12, 131002, 252
27, 146, 13, 101, 6367
27, 146, 7, 101, 14582
27, 146, 54, 1563, 10
27, 146, 4, 101, 18428
27, 146, 304, 1850520, 3
27, 146, 29, 735, 186
27, 146, 21, 1374, 275
27, 146, 40, 38645, 60
27, 146, 71, 102807, 2
27, 146, 65, 4182, 54
27, 146, 17, 60024, 4407
27, 146, 8, 176, 3853
27, 146, 2, 101, 19941
27, 146, 169, 11459, 24
27, 146, 6, 284, 6330
27, 146, 175, 260453, 2
27, 146, 234, 262712, 27
27, 146, 3, 101, 23579
27, 146, 5, 173, 6139
27, 146, 15, 690, 5876
27, 146, 140, 180407, 31
27, 146, 120, 11459, 202
27, 146, 38, 1202, 158
27, 146, 11, 167, 16217
27, 146, 25, 167, 3129
27, 146, 53, 1266, 2517
27, 146, 89, 1202, 309
12, 131002, 13, 101, 3
12, 131002, 7, 101, 153
12, 131002, 54, 1563, 9
12, 131002, 4, 101, 29223
12, 131002, 304, 1850520, 5
12, 131002, 29, 735, 42306
12, 131002, 21, 1374, 1460
12, 131002, 40, 38645, 2009
12, 131002, 71, 102807, 2418
12, 131002, 65, 4182, 36689
12, 131002, 17, 60024, 6798
12, 131002, 8, 176, 162
12, 131002, 2, 101, 39125
12, 131002, 169, 11459, 6916
12, 131002, 6, 284, 44420
12, 131002, 175, 260453, 18
12, 131002, 234, 262712, 624
12, 131002, 3, 101, 81116
12, 131002, 5, 173, 9956
12, 131002, 15, 690, 7307
12, 131002, 140, 180407, 194
12, 131002, 120, 11459, 17447
12, 131002, 38, 1202, 434
12, 131002, 11, 167, 47935
12, 131002, 25, 167, 10381
12, 131002, 53, 1266, 19042
12, 131002, 89, 1202, 3083
13, 101, 7, 101, 96751
13, 101, 54, 1563, 25
13, 101, 4, 101, 37683
13, 101, 29, 735, 416
13, 101, 21, 1374, 443
13, 101, 40, 38645, 130
13, 101, 71, 102807, 4
13, 101, 65, 4182, 2
13, 101, 17, 60024, 19
13, 101, 8, 176, 2327
13, 101, 2, 101, 56227
13, 101, 169, 11459, 7
13, 101, 6, 284, 1100
13, 101, 175, 260453, 1
13, 101, 3, 101, 101376
13, 101, 5, 173, 4664
13, 101, 15, 690, 2033
13, 101, 140, 180407, 24
13, 101, 120, 11459, 13
13, 101, 38, 1202, 121
13, 101, 11, 167, 7368
13, 101, 25, 167, 8023
13, 101, 53, 1266, 512
13, 101, 89, 1202, 262
7, 101, 54, 1563, 98
7, 101, 4, 101, 66179
7, 101, 29, 735, 1099
7, 101, 21, 1374, 1836
7, 101, 40, 38645, 145
7, 101, 71, 102807, 7
7, 101, 65, 4182, 69
7, 101, 17, 60024, 262
7, 101, 8, 176, 6126
7, 101, 2, 101, 134768
7, 101, 169, 11459, 20
7, 101, 6, 284, 5193
7, 101, 175, 260453, 16
7, 101, 234, 262712, 9
7, 101, 3, 101, 200803
7, 101, 5, 173, 8216
7, 101, 15, 690, 5749
7, 101, 140, 180407, 399
7, 101, 120, 11459, 68
7, 101, 38, 1202, 1878
7, 101, 11, 167, 22823
7, 101, 25, 167, 14757
7, 101, 53, 1266, 1232
7, 101, 89, 1202, 1612
54, 1563, 4, 101, 457
54, 1563, 304, 1850520, 1
54, 1563, 29, 735, 21909
54, 1563, 21, 1374, 35100
54, 1563, 40, 38645, 7537
54, 1563, 65, 4182, 179
54, 1563, 17, 60024, 147
54, 1563, 8, 176, 51
54, 1563, 2, 101, 21339
54, 1563, 6, 284, 56460
54, 1563, 234, 262712, 19
54, 1563, 3, 101, 21596
54, 1563, 5, 173, 609
54, 1563, 15, 690, 38473
54, 1563, 140, 180407, 13
54, 1563, 120, 11459, 288
54, 1563, 38, 1202, 107
54, 1563, 11, 167, 1867
54, 1563, 25, 167, 319
54, 1563, 53, 1266, 467
54, 1563, 89, 1202, 8274
4, 101, 304, 1850520, 68
4, 101, 29, 735, 22751
4, 101, 21, 1374, 8962
4, 101, 40, 38645, 2385
4, 101, 71, 102807, 84475
4, 101, 65, 4182, 17795
4, 101, 17, 60024, 80098
4, 101, 8, 176, 30901
4, 101, 2, 101, 551999
4, 101, 169, 11459, 3998
4, 101, 6, 284, 91431
4, 101, 175, 260453, 1330
4, 101, 234, 262712, 1498
4, 101, 3, 101, 344573
4, 101, 5, 173, 26483
4, 101, 15, 690, 62957
4, 101, 140, 180407, 5189
4, 101, 120, 11459, 22112
4, 101, 38, 1202, 18918
4, 101, 11, 167, 518289
4, 101, 25, 167, 352767
4, 101, 53, 1266, 286247
4, 101, 89, 1202, 20125
304, 1850520, 29, 735, 13
304, 1850520, 21, 1374, 393
304, 1850520, 40, 38645, 42
304, 1850520, 71, 102807, 5
304, 1850520, 65, 4182, 59
304, 1850520, 17, 60024, 22026
304, 1850520, 8, 176, 67
304, 1850520, 2, 101, 6775
304, 1850520, 169, 11459, 2367
304, 1850520, 6, 284, 21139
304, 1850520, 175, 260453, 11
304, 1850520, 234, 262712, 22736
304, 1850520, 3, 101, 19423
304, 1850520, 5, 173, 5373
304, 1850520, 15, 690, 6168
304, 1850520, 140, 180407, 668
304, 1850520, 120, 11459, 24193
304, 1850520, 38, 1202, 1020
304, 1850520, 11, 167, 13952
304, 1850520, 25, 167, 3036
304, 1850520, 53, 1266, 22680
304, 1850520, 89, 1202, 6344
29, 735, 21, 1374, 58980
29, 735, 40, 38645, 6653
29, 735, 71, 102807, 406
29, 735, 65, 4182, 47433
29, 735, 17, 60024, 5259
29, 735, 8, 176, 454
29, 735, 2, 101, 66826
29, 735, 169, 11459, 7521
29, 735, 6, 284, 127093
29, 735, 175, 260453, 7
29, 735, 234, 262712, 848
29, 735, 3, 101, 157576
29, 735, 5, 173, 9873
29, 735, 15, 690, 63042
29, 735, 140, 180407, 250
29, 735, 120, 11459, 19928
29, 735, 38, 1202, 1540
29, 735, 11, 167, 103041
29, 735, 25, 167, 8776
29, 735, 53, 1266, 25382
29, 735, 89, 1202, 8161
21, 1374, 40, 38645, 32134
21, 1374, 71, 102807, 559
21, 1374, 65, 4182, 65398
21, 1374, 17, 60024, 26036
21, 1374, 8, 176, 370
21, 1374, 2, 101, 91318
21, 1374, 169, 11459, 125
21, 1374, 6, 284, 197798
21, 1374, 175, 260453, 7743
21, 1374, 234, 262712, 4535
21, 1374, 3, 101, 282269
21, 1374, 5, 173, 5736
21, 1374, 15, 690, 119833
21, 1374, 140, 180407, 6396
21, 1374, 120, 11459, 35281
21, 1374, 38, 1202, 8965
21, 1374, 11, 167, 191870
21, 1374, 25, 167, 7896
21, 1374, 53, 1266, 82651
21, 1374, 89, 1202, 62890
40, 38645, 71, 102807, 69
40, 38645, 65, 4182, 1161
40, 38645, 17, 60024, 8705
40, 38645, 8, 176, 74
40, 38645, 2, 101, 72530
40, 38645, 169, 11459, 261
40, 38645, 6, 284, 155594
40, 38645, 175, 260453, 12
40, 38645, 234, 262712, 478
40, 38645, 3, 101, 96873
40, 38645, 5, 173, 3688
40, 38645, 15, 690, 130294
40, 38645, 140, 180407, 1329
40, 38645, 120, 11459, 5510
40, 38645, 38, 1202, 2277
40, 38645, 11, 167, 8586
40, 38645, 25, 167, 1602
40, 38645, 53, 1266, 3057
40, 38645, 89, 1202, 72015
71, 102807, 65, 4182, 940
71, 102807, 17, 60024, 2906
71, 102807, 8, 176, 31
71, 102807, 2, 101, 72918
71, 102807, 169, 11459, 1035
71, 102807, 6, 284, 14089
71, 102807, 175, 260453, 31
71, 102807, 234, 262712, 217
71, 102807, 3, 101, 45033
71, 102807, 5, 173, 506
71, 102807, 15, 690, 7558
71, 102807, 140, 180407, 321
71, 102807, 120, 11459, 6556
71, 102807, 38, 1202, 946
71, 102807, 11, 167, 108939
71, 102807, 25, 167, 103046
71, 102807, 53, 1266, 85119
71, 102807, 89, 1202, 2543
65, 4182, 17, 60024, 18150
65, 4182, 8, 176, 72
65, 4182, 2, 101, 34930
65, 4182, 169, 11459, 5518
65, 4182, 6, 284, 59762
65, 4182, 234, 262712, 1443
65, 4182, 3, 101, 125281
65, 4182, 5, 173, 4729
65, 4182, 15, 690, 13470
65, 4182, 140, 180407, 399
65, 4182, 120, 11459, 27495
65, 4182, 38, 1202, 581
65, 4182, 11, 167, 117869
65, 4182, 25, 167, 7710
65, 4182, 53, 1266, 55381
65, 4182, 89, 1202, 2294
17, 60024, 8, 176, 1371
17, 60024, 2, 101, 184229
17, 60024, 169, 11459, 4388
17, 60024, 6, 284, 355975
17, 60024, 175, 260453, 2385
17, 60024, 234, 262712, 84679
17, 60024, 3, 101, 470862
17, 60024, 5, 173, 43747
17, 60024, 15, 690, 88063
17, 60024, 140, 180407, 29253
17, 60024, 120, 11459, 210051
17, 60024, 38, 1202, 30616
17, 60024, 11, 167, 264850
17, 60024, 25, 167, 23201
17, 60024, 53, 1266, 296889
17, 60024, 89, 1202, 53873
8, 176, 2, 101, 1133141
8, 176, 169, 11459, 35967
8, 176, 6, 284, 41195
8, 176, 175, 260453, 65
8, 176, 234, 262712, 10478
8, 176, 3, 101, 1375698
8, 176, 5, 173, 1220034
8, 176, 15, 690, 22906
8, 176, 140, 180407, 1202
8, 176, 120, 11459, 133155
8, 176, 38, 1202, 5385
8, 176, 11, 167, 191180
8, 176, 25, 167, 1204561
8, 176, 53, 1266, 825235
8, 176, 89, 1202, 504420
2, 101, 169, 11459, 110442
2, 101, 6, 284, 1600511
2, 101, 175, 260453, 74768
2, 101, 234, 262712, 54180
2, 101, 3, 101, 4542760
2, 101, 5, 173, 5209307
2, 101, 15, 690, 1366284
2, 101, 140, 180407, 284813
2, 101, 120, 11459, 398973
2, 101, 38, 1202, 1002648
2, 101, 11, 167, 5468111
2, 101, 25, 167, 5095006
2, 101, 53, 1266, 3438466
2, 101, 89, 1202, 2022789
169, 11459, 6, 284, 35679
169, 11459, 175, 260453, 368
169, 11459, 234, 262712, 57390
169, 11459, 3, 101, 157260
169, 11459, 5, 173, 173509
169, 11459, 15, 690, 16855
169, 11459, 140, 180407, 3633
169, 11459, 120, 11459, 147511
169, 11459, 38, 1202, 4462
169, 11459, 11, 167, 171364
169, 11459, 25, 167, 192341
169, 11459, 53, 1266, 214756
169, 11459, 89, 1202, 196662
6, 284, 175, 260453, 136562
6, 284, 234, 262712, 90536
6, 284, 3, 101, 2672551
6, 284, 5, 173, 263367
6, 284, 15, 690, 2324395
6, 284, 140, 180407, 548098
6, 284, 120, 11459, 312842
6, 284, 38, 1202, 1895451
6, 284, 11, 167, 504859
6, 284, 25, 167, 256111
6, 284, 53, 1266, 486320
6, 284, 89, 1202, 1583205
175, 260453, 234, 262712, 159
175, 260453, 3, 101, 156139
175, 260453, 5, 173, 5992
175, 260453, 15, 690, 170194
175, 260453, 140, 180407, 128776
175, 260453, 120, 11459, 1548
175, 260453, 38, 1202, 163334
175, 260453, 11, 167, 7247
175, 260453, 25, 167, 2606
175, 260453, 53, 1266, 1722
175, 260453, 89, 1202, 182657
234, 262712, 3, 101, 117076
234, 262712, 5, 173, 64192
234, 262712, 15, 690, 25590
234, 262712, 140, 180407, 5076
234, 262712, 120, 11459, 138900
234, 262712, 38, 1202, 5272
234, 262712, 11, 167, 98923
234, 262712, 25, 167, 62541
234, 262712, 53, 1266, 145915
234, 262712, 89, 1202, 74338
3, 101, 5, 173, 4083869
3, 101, 15, 690, 2645793
3, 101, 140, 180407, 548080
3, 101, 120, 11459, 676150
3, 101, 38, 1202, 1849542
3, 101, 11, 167, 5258027
3, 101, 25, 167, 4824503
3, 101, 53, 1266, 3938609
3, 101, 89, 1202, 2920485
5, 173, 15, 690, 189943
5, 173, 140, 180407, 39163
5, 173, 120, 11459, 487366
5, 173, 38, 1202, 93415
5, 173, 11, 167, 4664442
5, 173, 25, 167, 5273581
5, 173, 53, 1266, 3833488
5, 173, 89, 1202, 1756611
15, 690, 140, 180407, 648438
15, 690, 120, 11459, 100628
15, 690, 38, 1202, 1828073
15, 690, 11, 167, 250726
15, 690, 25, 167, 140985
15, 690, 53, 1266, 147963
15, 690, 89, 1202, 1642922
140, 180407, 120, 11459, 23148
140, 180407, 38, 1202, 652813
140, 180407, 11, 167, 51314
140, 180407, 25, 167, 20710
140, 180407, 53, 1266, 26712
140, 180407, 89, 1202, 563168
120, 11459, 38, 1202, 23089
120, 11459, 11, 167, 590096
120, 11459, 25, 167, 560010
120, 11459, 53, 1266, 749308
120, 11459, 89, 1202, 490160
38, 1202, 11, 167, 90331
38, 1202, 25, 167, 38839
38, 1202, 53, 1266, 30304
38, 1202, 89, 1202, 1197384
11, 167, 25, 167, 4949443
11, 167, 53, 1266, 4540143
11, 167, 89, 1202, 1856247
25, 167, 53, 1266, 3668803
25, 167, 89, 1202, 2129569
53, 1266, 89, 1202, 1763820
